AGS,ADMIN,Population,05.03.2020,06.03.2020,07.03.2020,08.03.2020,09.03.2020,10.03.2020,11.03.2020,12.03.20203,13.03.2020,14.03.2020,15.03.2020,16.03.2020,17.03.2020,18.03.2020,19.03.2020,20.03.2020,21.03.2020,22.03.2020,23.03.2020,24.03.2020,25.03.2020,26.03.2020,27.03.2020,28.03.2020,29.03.2020,30.03.2020,31.03.2020,01.04.2020,02.04.2020,03.04.2020,04.04.2020,05.04.2020,06.04.2020,07.04.2020,08.04.2020,09.04.2020,10.04.2020,11.04.2020,12.04.2020,13.04.2020,14.04.2020,15.04.2020,16.04.2020,17.04.2020,18.04.2020,19.04.2020,20.04.2020,21.04.2020,22.04.2020,23.04.2020,24.04.2020,25.04.2020,26.04.2020,27.04.2020,28.04.2020,29.04.2020,30.04.2020,01.05.2020,02.05.2020,03.05.2020,04.05.2020,05.05.2020,06.05.2020,07.05.2020,08.05.2020,09.05.2020,10.05.2020,11.05.2020,12.05.2020,13.05.2020,14.05.2020,15.05.2020,16.05.2020,17.05.2020,18.05.2020,19.05.2020,20.05.2020,21.05.2020,22.05.2020,23.05.2020,24.05.2020,25.05.2020,26.05.2020,27.05.2020,28.05.2020,29.05.2020,30.05.2020,31.05.2020,01.06.2020,02.06.2020,03.06.2020,04.06.2020,05.06.2020,06.06.2020,07.06.2020,08.06.2020,09.06.2020,10.06.2020,11.06.2020,12.06.2020,13.06.2020,14.06.2020,15.06.2020,16.06.2020,17.06.2020,18.06.2020,19.06.2020,20.06.2020,21.06.2020,22.06.2020,23.06.2020,24.06.2020,25.06.2020,26.06.2020,27.06.2020,28.06.2020,29.06.2020,30.06.2020,01.07.2020,02.07.2020,03.07.2020,04.07.2020,05.07.2020,06.07.2020,07.07.2020,08.07.2020,09.07.2020,10.07.2020,11.07.2020,12.07.2020,13.07.2020,14.07.2020,15.07.2020,16.07.2020,17.07.2020,18.07.2020,19.07.2020,20.07.2020,21.07.2020,22.07.2020,23.07.2020,24.07.2020,25.07.2020,26.07.2020,27.07.2020,28.07.2020,29.07.2020,30.07.2020,31.07.2020,01.08.2020,02.08.2020,03.08.2020,04.08.2020,05.08.2020,06.08.2020,07.08.2020,08.08.2020,09.08.2020,10.08.2020,11.08.2020,12.08.2020,13.08.2020,14.08.2020,15.08.2020,16.08.2020,17.08.2020,18.08.2020,19.08.2020,20.08.2020,21.08.2020,22.08.2020,23.08.2020,24.08.2020,25.08.2020,26.08.2020,27.08.2020,28.08.2020,29.08.2020,30.08.2020,31.08.2020,01.09.2020,02.09.2020,03.09.2020,04.09.2020,05.09.2020,06.09.2020,07.09.2020,08.09.2020,09.09.2020,10.09.2020,11.09.2020,12.09.2020,13.09.2020,14.09.2020,15.09.2020,16.09.2020,17.09.2020,18.09.2020,19.09.2020,20.09.2020,21.09.2020,22.09.2020,23.09.2020,24.09.2020,25.09.2020,26.09.2020,27.09.2020,28.09.2020,29.09.2020,30.09.2020,01.10.2020,02.10.2020,03.10.2020,04.10.2020,05.10.2020,06.10.2020,07.10.2020,08.10.2020,09.10.2020,10.10.2020,11.10.2020,12.10.2020,13.10.2020,14.10.2020,15.10.2020,16.10.2020,17.10.2020,18.10.2020,19.10.2020,20.10.2020,21.10.2020,22.10.2020,23.10.2020,24.10.2020,25.10.2020,26.10.2020,27.10.2020,28.10.2020,29.10.2020,30.10.2020,31.10.2020,01.11.2020,02.11.2020,03.11.2020,04.11.2020,05.11.2020,06.11.2020,07.11.2020,08.11.2020,09.11.2020,10.11.2020,11.11.2020,12.11.2020,13.11.2020,14.11.2020,15.11.2020,16.11.2020,17.11.2020,18.11.2020,19.11.2020,20.11.2020,21.11.2020,22.11.2020,23.11.2020,24.11.2020,25.11.2020,26.11.2020,27.11.2020,28.11.2020,29.11.2020,30.11.2020,01.12.2020,02.12.2020,03.12.2020,04.12.2020,05.12.2020,06.12.2020,07.12.2020,08.12.2020,09.12.2020
07131,Ahrweiler (Landkreis),130086,0,0,0,0,0,0,0,0,0,3,3,3,14,17,18,24,31,37,44,48,51,56,58,61,63,68,70,71,74,82,83,91,95,99,101,103,104,107,111,112,113,113,114,114,115,115,115,115,116,116,118,118,118,118,118,121,123,126,126,136,137,138,140,140,140,141,144,149,154,155,156,157,160,167,168,175,178,179,180,184,185,186,186,187,188,189,190,190,190,190,191,191,191,193,195,195,196,196,196,196,197,197,197,197,197,197,197,197,197,197,197,197,197,197,198,198,198,198,202,205,207,208,209,209,209,209,209,209,209,209,215,215,216,216,220,220,220,222,222,222,222,223,223,224,224,225,225,226,226,226,226,227,230,230,233,233,236,238,240,244,244,244,246,248,251,256,261,263,264,265,267,269,275,278,280,283,288,290,292,293,306,306,309,318,320,326,330,330,332,332,332,334,336,336,337,338,338,339,341,344,347,348,349,350,352,353,354,354,357,357,358,361,366,369,370,373,378,380,380,384,390,397,399,400,404,408,415,420,423,428,431,438,450,475,489,501,520,533,545,579,614,630,652,678,698,717,743,777,827,858,877,889,921,956,986,1007,1034,1060,1081,1112,1154,1181,1214,1238,1246,1254,1277,1306,1325,1345,1372,1385,1395,1421,1437,1462,1489,1516,1525,1537
09771,Aichach-Friedberg (Landkreis),134655,1,1,1,1,1,1,1,2,2,2,9,9,10,12,16,24,31,31,39,39,47,55,79,90,106,106,120,128,146,158,158,165,171,176,182,199,218,219,226,227,227,237,252,252,259,262,262,272,273,278,278,283,283,287,288,293,295,296,296,296,296,296,296,296,296,297,297,297,299,300,301,301,302,302,302,302,302,302,302,302,302,302,302,302,302,302,302,302,302,302,302,302,302,323,323,323,323,323,328,369,387,388,388,397,397,397,397,397,397,397,397,397,388,389,389,389,389,389,390,390,390,390,390,390,390,390,390,390,391,394,394,395,395,395,395,395,395,395,395,396,396,398,402,402,402,402,402,404,404,404,404,404,404,405,405,405,405,405,405,405,406,406,407,408,408,408,416,416,425,425,428,428,428,428,431,439,439,443,443,443,443,446,447,449,449,451,451,451,455,461,461,465,465,465,466,471,474,474,474,474,474,475,480,489,489,489,498,498,498,502,506,506,506,506,506,506,512,514,532,532,539,539,546,554,562,570,570,599,608,616,623,654,671,689,689,710,747,772,817,838,844,872,953,973,1005,1078,1141,1179,1179,1179,1243,1275,1317,1360,1396,1396,1406,1422,1501,1565,1629,1671,1671,1671,1734,1768,1834,1868,1929,1929,1929,2017,2043,2084,2134,2173,2173,2173,2222,2245
08425,Alb-Donau-Kreis (Landkreis),197076,2,2,2,3,3,3,3,6,8,8,11,12,13,26,35,43,57,57,64,67,99,121,164,197,197,226,246,267,285,314,343,366,366,387,390,411,418,440,445,441,447,454,462,467,475,481,495,489,501,514,526,533,536,537,537,545,551,552,552,552,554,557,557,562,565,574,581,581,608,616,622,627,628,628,628,630,634,634,634,635,635,635,638,640,646,645,645,645,645,645,647,648,648,648,648,648,649,647,648,648,649,649,649,650,651,651,651,651,651,651,651,651,651,651,652,652,652,654,658,658,661,661,661,661,661,662,667,667,668,668,668,668,670,670,670,672,672,672,675,675,675,675,676,676,676,678,678,679,679,679,679,679,682,682,684,687,689,689,689,690,693,702,703,706,706,706,717,722,724,728,735,735,735,739,747,749,758,763,763,763,774,777,781,785,788,788,788,802,806,812,824,827,827,827,844,848,851,855,861,861,861,874,876,882,887,891,891,891,909,911,916,923,926,926,926,931,938,943,955,959,959,959,975,990,994,1022,1061,1061,1115,1136,1167,1201,1262,1307,1353,1383,1417,1456,1515,1556,1617,1666,1694,1702,1737,1772,1819,1877,1928,1949,1962,1990,2032,2075,2142,2181,2208,2219,2246,2292,2343,2389,2426,2445,2462,2494,2520,2572,2617,2642,2651,2661,2694,2745,2819,2857,2899,2921,2934,2974
16077,Altenburger Land (Landkreis),89393,0,0,0,0,0,0,0,0,0,2,2,3,4,4,5,5,5,5,7,8,16,17,17,18,19,20,20,21,24,28,30,30,30,31,31,33,33,34,36,36,36,36,37,38,41,41,41,45,45,45,47,47,47,47,47,48,50,51,52,52,52,52,52,53,53,54,54,54,54,60,60,60,61,61,61,61,61,65,65,65,65,65,65,65,69,70,74,74,74,74,74,74,74,75,75,75,75,75,75,75,75,75,75,75,75,75,75,75,75,75,75,75,75,75,75,75,75,76,76,76,76,76,76,76,76,76,76,76,76,76,76,76,76,76,76,79,79,79,79,79,79,79,79,79,79,79,79,79,79,79,79,79,79,79,79,79,79,79,79,79,79,79,79,79,79,79,79,79,79,79,79,79,79,79,80,80,80,80,90,90,95,95,95,97,98,98,98,99,99,99,99,99,100,100,104,104,105,105,105,105,105,105,106,108,108,109,109,109,109,109,110,111,112,112,113,114,116,118,118,122,122,125,125,127,128,131,135,137,142,144,154,168,179,186,188,208,225,244,269,290,311,318,354,339,366,377,397,417,424,438,443,457,483,505,521,534,555,579,605,629,639,656,722,755,760,840,867,891,919,927,937,989,1001,1035,1178,1233,1233,1284,1373,1396
07132,Altenkirchen (Westerwald) (Landkreis),128805,0,0,0,0,0,0,0,0,0,1,1,2,3,8,11,13,13,17,17,17,25,31,35,39,39,50,53,53,57,59,62,62,66,71,72,74,82,95,95,101,101,105,107,111,121,121,128,128,128,134,137,138,138,143,144,145,148,149,149,152,151,152,152,152,152,152,152,153,153,153,153,153,153,155,156,155,162,162,162,162,162,162,162,163,163,163,163,163,163,163,163,163,163,163,163,163,163,163,163,163,163,163,163,163,165,165,170,170,170,170,170,170,170,170,170,170,170,170,170,170,170,170,170,174,174,174,174,174,176,176,176,176,176,177,178,178,178,178,178,178,178,180,180,180,180,183,183,183,184,184,184,184,184,184,184,185,185,185,185,186,185,186,190,190,195,195,195,195,195,197,197,197,198,198,198,199,200,200,200,206,207,208,209,209,209,209,210,211,218,218,222,223,226,227,227,228,228,228,229,229,229,230,230,235,238,241,243,243,244,248,253,255,259,259,262,262,264,268,274,280,280,282,282,287,289,293,347,347,381,392,410,441,455,496,506,541,549,593,606,639,657,663,695,706,717,730,744,767,767,786,796,805,823,839,844,865,871,889,894,903,927,977,997,1019,1032,1048,1070,1087,1109,1109,1146,1150,1162,1182,1191,1209,1213,1260,1283,1298
15081,Altmarkkreis Salzwedel (Landkreis),83173,0,0,0,0,0,0,0,0,1,1,1,1,1,3,3,3,3,6,6,8,9,10,10,12,12,12,14,15,15,17,17,17,19,21,22,25,27,28,28,28,28,28,29,30,30,30,30,30,30,30,30,30,30,30,31,31,32,32,32,32,32,32,32,32,32,32,32,32,32,32,32,32,32,32,32,32,33,33,33,33,33,33,33,33,33,33,33,33,33,33,33,33,33,33,33,33,33,33,33,33,34,34,34,34,34,34,34,34,34,34,34,34,34,35,35,35,35,35,35,35,35,35,35,35,34,35,35,35,35,35,35,35,35,35,35,35,35,35,35,35,36,36,37,37,37,37,37,37,37,37,37,37,37,37,37,37,37,37,37,37,37,37,37,37,37,38,38,40,40,41,41,41,43,43,44,44,44,44,46,46,46,47,47,47,47,47,47,47,51,51,51,52,52,52,52,52,52,53,53,53,53,53,53,53,53,57,57,57,58,58,58,58,58,58,58,60,60,60,60,61,61,61,61,61,63,63,64,64,64,65,66,69,71,72,75,75,84,85,90,95,96,97,106,113,112,116,139,153,157,168,171,178,189,202,208,208,208,214,229,231,250,260,260,271,274,283,285,301,310,317,327,330,337,347,361,365,375,385,386,389
09171,Altötting (Landkreis),111516,0,0,0,0,0,0,0,0,0,0,0,0,0,5,7,15,18,18,27,44,52,64,81,95,101,106,125,140,176,203,231,255,272,276,311,367,376,415,419,424,424,437,444,481,511,522,533,538,539,550,552,564,566,570,571,575,575,582,582,584,586,584,584,587,588,589,589,589,589,591,591,592,592,594,594,595,595,595,595,595,595,596,597,597,597,598,598,598,598,601,601,601,601,601,604,604,601,601,601,601,601,601,601,601,601,601,601,601,601,601,601,601,601,602,602,602,602,602,602,602,602,602,602,602,602,602,602,603,603,603,603,603,603,603,603,604,604,604,604,604,604,605,605,623,623,623,620,620,620,622,622,622,622,622,630,630,632,632,632,632,632,647,647,647,657,657,663,668,668,674,677,678,678,683,683,687,697,706,706,706,709,711,712,725,727,731,731,731,731,735,736,739,739,739,741,745,745,749,749,749,752,752,753,752,753,759,759,759,759,761,761,761,754,754,754,754,755,757,757,757,757,757,758,760,761,762,769,770,770,777,785,784,800,812,816,816,829,850,880,908,921,931,959,972,983,1005,1035,1117,1156,1201,1257,1274,1301,1352,1371,1451,1502,1538,1549,1565,1650,1709,1726,1767,1778,1817,1867,1890,1937,1982,2033,2064,2097,2143,2190,2241,2272,2303,2342,2403
07331,Alzey-Worms (Landkreis),129687,0,0,0,0,0,0,0,0,0,2,2,8,8,23,24,41,48,55,55,55,60,63,70,75,80,84,85,88,93,96,102,107,107,107,110,120,124,134,136,138,141,150,152,157,163,166,168,170,173,177,180,184,189,200,213,220,226,227,231,227,233,233,235,241,243,245,248,249,249,251,253,260,260,261,261,261,262,264,264,266,266,266,266,266,266,266,266,266,266,266,267,267,267,269,269,269,269,269,269,269,269,269,269,270,271,271,271,271,271,271,271,271,272,272,272,272,272,272,272,272,272,272,272,272,272,272,272,272,272,272,272,272,272,272,272,272,272,272,272,272,272,272,273,273,273,273,273,273,273,273,273,273,273,273,274,275,276,276,276,278,282,283,284,286,286,286,290,291,307,308,309,309,316,311,313,313,315,315,315,315,318,318,318,322,322,322,322,324,324,325,327,329,329,329,332,334,335,335,338,338,338,339,342,344,345,347,347,347,356,362,370,378,380,380,380,387,390,396,399,401,401,401,414,415,432,438,452,452,452,469,475,479,496,510,510,522,526,545,561,581,607,619,630,660,673,694,710,739,762,803,832,854,889,922,964,988,1026,1030,1058,1102,1142,1177,1215,1261,1282,1312,1342,1381,1437,1457,1508,1530,1546,1558,1574,1632,1656,1667,1719,1734
09361,Amberg (Kreisfreie Stadt),42207,0,0,0,0,0,0,0,0,0,0,1,1,1,2,2,2,2,2,5,5,6,7,7,7,9,9,9,18,18,22,37,34,34,34,41,49,50,50,55,55,55,55,56,58,58,60,66,68,68,69,71,71,71,72,66,67,67,67,67,67,67,67,72,72,73,73,75,75,76,76,76,76,77,77,77,77,78,79,79,79,79,80,80,80,80,80,82,82,82,84,84,84,84,85,85,85,85,86,86,86,88,88,88,88,88,88,89,89,89,89,89,89,89,89,89,89,89,89,89,89,89,89,89,89,90,90,90,90,90,90,90,90,90,91,92,94,94,94,95,95,94,94,94,95,95,95,95,95,95,95,95,95,95,95,95,95,95,95,95,95,95,96,96,96,98,98,98,99,102,102,102,102,102,102,102,102,102,102,102,102,103,104,104,104,104,104,104,104,106,106,107,107,107,107,107,107,107,111,111,111,113,113,114,114,114,116,119,122,122,124,125,127,130,131,131,131,136,138,140,147,148,150,150,151,152,154,157,159,159,159,160,162,165,166,168,173,173,177,180,183,191,197,197,203,206,207,218,227,238,245,247,259,269,283,295,316,326,333,336,342,359,378,393,407,414,419,431,444,458,472,472,479,481,486,492,496,505,508,513,518
09371,Amberg-Sulzbach (Landkreis),103049,0,1,1,3,3,3,3,3,3,4,7,7,7,15,15,17,18,18,27,27,31,36,44,47,56,56,56,83,84,101,137,142,142,142,184,253,291,291,322,324,324,329,334,341,355,375,400,407,415,421,425,434,435,439,438,444,444,446,450,450,453,453,449,454,460,460,465,467,469,469,470,471,472,474,476,476,479,481,484,484,483,486,486,490,492,493,494,494,494,496,496,496,496,496,496,496,496,496,496,496,496,496,496,496,496,496,496,496,496,496,496,496,496,496,496,496,496,496,496,496,496,496,496,496,496,496,496,496,496,496,496,496,496,496,496,496,496,496,496,496,496,496,496,496,496,496,496,496,496,496,496,496,496,496,496,496,496,496,496,497,498,498,499,499,499,499,499,500,500,504,506,506,506,506,506,506,509,509,509,509,513,513,513,513,513,513,513,517,518,518,520,520,520,520,523,525,525,528,528,533,537,537,537,537,538,541,542,543,543,544,545,549,549,551,551,551,553,556,558,558,559,560,560,561,561,563,566,568,568,570,577,584,590,598,607,609,609,613,617,622,638,647,647,663,671,679,697,720,759,781,811,829,854,890,930,1008,1040,1046,1052,1073,1104,1139,1185,1215,1244,1274,1307,1332,1364,1399,1399,1454,1456,1484,1519,1555,1582,1612,1638,1653
03451,Ammerland (Landkreis),124859,1,1,1,1,1,1,1,1,1,7,7,7,7,11,14,17,20,21,24,33,36,44,50,56,64,77,82,88,93,99,103,107,111,115,119,132,138,140,141,141,149,149,153,158,160,164,165,165,167,168,168,168,169,169,169,169,169,169,169,169,169,169,170,170,170,171,174,174,174,174,175,175,175,175,176,176,176,176,178,179,180,180,180,180,189,189,190,190,190,192,192,195,197,197,197,198,198,198,198,198,198,198,198,198,198,198,198,198,198,198,199,199,199,199,199,199,200,200,200,200,200,200,200,200,201,201,201,201,201,201,201,202,202,202,202,202,202,202,202,204,207,207,207,207,207,207,209,209,210,210,210,210,213,214,214,214,214,214,214,214,214,214,214,214,214,214,217,219,219,219,219,219,219,220,220,221,221,221,221,221,222,222,222,222,222,222,222,223,223,224,224,224,224,224,224,224,224,224,227,227,227,227,227,229,229,230,230,230,235,236,240,240,242,242,242,244,244,244,249,252,252,252,258,258,260,261,261,261,261,269,272,282,287,292,292,292,313,322,349,357,371,386,390,416,408,420,430,445,467,486,502,516,528,547,551,565,580,603,605,630,651,657,665,685,689,694,709,717,733,749,769,783,790,809,842,854,870,888,914,928
15082,Anhalt-Bitterfeld (Landkreis),158486,0,0,0,0,0,0,0,1,1,2,2,2,6,6,6,8,9,12,13,16,17,26,27,30,30,32,37,37,39,39,41,47,48,49,48,49,49,50,50,50,50,51,50,51,54,56,58,59,62,65,65,65,68,68,68,68,69,68,69,69,69,69,69,69,69,69,69,69,69,69,69,69,69,69,70,70,71,71,71,71,71,71,72,72,73,73,73,73,73,73,73,73,73,73,73,73,73,73,73,73,73,73,73,73,73,73,73,73,73,73,73,73,73,73,73,73,73,73,73,73,73,73,73,73,73,73,73,73,73,73,73,73,73,73,73,73,73,73,75,75,75,76,77,77,77,79,79,80,83,83,83,83,83,83,83,83,83,83,83,83,84,84,85,85,85,85,85,85,86,87,87,87,87,87,88,89,89,90,90,90,91,92,92,93,93,93,93,93,93,93,93,94,94,94,95,95,95,96,96,96,97,99,102,103,103,105,105,105,107,108,111,111,111,111,111,113,114,114,116,116,116,116,116,117,119,120,125,125,130,134,138,142,143,147,147,158,164,168,173,190,193,204,209,217,222,251,275,283,289,300,307,321,344,353,377,377,402,411,417,443,456,474,475,493,511,517,537,554,582,590,602,604,619,649,669,704,710,719,732,751
09561,Ansbach (Kreisfreie Stadt),41798,0,0,0,0,0,0,0,0,0,0,0,1,1,1,1,5,5,5,7,7,7,10,20,21,23,48,29,33,37,42,44,47,56,61,67,70,80,86,89,89,89,89,89,92,95,102,102,105,108,108,112,118,118,118,125,129,129,129,133,133,133,133,133,133,133,133,134,134,135,135,136,136,137,138,138,138,138,138,138,138,139,139,139,139,139,140,140,140,140,140,140,140,140,140,143,143,144,144,144,144,144,144,144,144,144,149,149,149,149,149,149,149,149,149,149,149,149,149,149,149,149,150,150,150,150,150,150,150,153,153,153,153,153,153,153,153,153,153,153,153,153,153,153,153,153,153,153,153,153,153,153,153,153,153,153,153,153,153,153,153,155,155,155,155,155,155,156,156,159,160,162,162,162,162,162,162,163,163,163,163,164,166,167,167,176,176,176,176,180,181,181,183,183,183,184,184,184,184,185,185,185,187,191,191,191,192,192,192,196,196,196,197,197,197,197,197,200,200,202,202,202,202,203,209,209,210,210,210,210,211,214,214,215,218,218,226,239,239,243,253,265,283,291,300,318,327,334,356,365,371,382,392,400,406,415,419,419,425,433,442,450,450,458,478,479,482,497,499,504,508,508,516,525,529,531,543,546,546,560,575
09571,Ansbach (Landkreis),184591,0,0,0,0,0,0,0,0,0,0,0,2,3,3,3,13,21,34,40,47,47,49,100,100,120,120,149,161,194,217,221,250,266,272,276,298,321,331,349,357,363,373,373,385,405,415,421,449,459,470,480,485,494,498,506,512,516,516,547,552,554,555,561,561,569,575,581,581,582,583,584,587,590,598,598,600,603,604,611,613,617,617,617,617,619,621,621,621,621,621,621,621,621,621,621,621,624,625,625,625,625,625,625,625,625,625,625,625,625,625,626,626,626,626,626,626,626,626,626,626,626,625,625,625,625,625,625,625,626,626,626,626,626,626,627,627,627,627,627,627,627,627,627,627,627,627,629,629,629,629,629,629,629,629,629,629,629,629,629,630,630,630,630,630,630,630,631,631,633,634,637,637,637,640,640,647,650,651,651,651,653,657,657,657,661,661,661,663,664,666,671,673,673,673,675,679,684,686,688,688,688,692,701,701,704,707,707,707,710,713,716,718,723,723,723,723,742,744,745,750,750,750,756,767,768,775,779,779,779,789,819,826,835,858,858,879,947,947,964,1019,1040,1092,1097,1138,1170,1211,1241,1300,1374,1384,1427,1480,1530,1602,1656,1720,1720,1777,1797,1848,1885,1921,1947,2003,2038,2048,2099,2138,2178,2227,2227,2281,2302,2326,2374,2427,2470,2470,2538,2565
09661,Aschaffenburg (Kreisfreie Stadt),71002,0,0,0,0,0,1,1,1,1,1,6,6,6,20,20,20,20,22,26,28,30,31,32,36,42,46,46,48,50,60,63,66,68,90,98,100,103,107,107,113,113,114,117,120,123,123,123,126,129,134,135,138,139,139,141,141,141,144,144,145,145,145,145,145,146,148,148,148,148,149,150,150,150,150,150,150,151,152,152,152,152,152,152,152,152,152,152,152,152,152,152,152,153,153,153,153,153,153,153,153,153,153,153,153,153,153,153,153,153,153,153,153,153,151,151,151,151,151,151,151,151,151,151,151,156,156,156,161,161,161,161,161,161,162,162,163,163,163,163,163,163,163,164,168,168,165,166,166,166,167,167,167,167,167,167,167,168,168,168,168,169,172,172,173,173,173,174,175,179,179,179,179,179,179,182,183,183,185,185,185,187,186,190,191,192,192,193,193,193,194,194,197,197,197,200,202,202,202,204,204,204,207,209,213,216,216,216,216,220,223,224,227,230,230,230,230,231,237,240,242,242,242,250,250,252,255,255,255,255,223,227,233,238,250,255,263,263,264,286,304,321,326,343,348,348,375,387,400,412,423,441,463,484,497,529,550,559,588,589,600,609,643,647,670,677,683,696,713,722,737,757,767,780,788,830,845,862,885,899,910
09671,Aschaffenburg (Landkreis),174200,0,0,0,0,0,0,1,1,1,2,3,3,3,23,23,26,31,40,49,50,65,65,77,90,103,111,123,129,134,167,187,210,233,277,285,304,317,339,339,358,361,363,390,398,413,413,413,419,421,427,440,443,451,451,454,456,457,465,465,466,466,467,468,470,474,479,479,479,480,482,484,485,492,492,492,495,495,498,498,498,498,498,505,505,505,504,504,504,504,504,505,507,507,507,507,507,507,507,507,507,507,507,507,507,507,507,508,508,508,508,508,508,508,511,511,511,511,511,511,511,511,511,511,511,513,513,513,516,516,516,516,516,516,519,521,522,522,522,524,524,524,524,524,535,535,525,528,530,532,532,532,532,539,540,541,542,542,542,542,542,542,547,549,549,549,549,552,552,559,560,564,564,564,566,566,565,571,572,572,572,581,583,590,594,597,597,599,603,607,610,610,615,615,615,618,621,623,624,631,631,642,643,645,650,654,656,656,656,663,666,670,671,673,673,673,679,685,693,696,704,704,704,718,724,733,745,745,745,745,800,815,825,848,872,897,925,925,925,991,1022,1055,1081,1104,1109,1109,1185,1232,1269,1309,1336,1389,1449,1512,1570,1698,1750,1781,1834,1838,1880,1912,2002,2024,2054,2080,2123,2170,2216,2277,2332,2370,2393,2427,2470,2526,2564,2595,2647,2682,2711
09761,Augsburg (Kreisfreie Stadt),296582,2,2,3,4,4,4,4,4,5,5,11,11,11,22,30,34,43,46,52,59,75,90,108,130,136,157,172,183,190,201,225,236,247,256,273,281,294,294,304,309,310,311,312,325,333,340,356,358,359,361,367,373,374,376,379,380,381,381,382,383,384,385,385,385,388,388,388,388,388,389,389,390,390,390,390,391,391,391,391,392,392,395,394,395,397,398,399,399,399,399,401,402,402,404,410,410,405,405,405,405,411,411,411,412,412,423,423,423,423,423,425,426,426,427,428,428,428,432,433,433,434,435,435,435,442,455,460,463,481,481,481,498,503,509,510,513,513,513,523,527,530,532,546,546,546,556,558,562,563,564,564,564,568,568,570,570,572,572,572,578,580,585,587,596,596,596,617,619,628,650,670,670,670,705,714,731,748,757,757,757,776,779,795,811,827,832,832,859,863,875,880,897,897,897,923,932,946,954,969,969,973,993,996,1000,1008,1019,1019,1019,1035,1038,1048,1071,1079,1079,1079,1111,1122,1129,1147,1166,1166,1166,1258,1269,1300,1339,1400,1486,1486,1592,1641,1713,1790,1929,2063,2138,2204,2291,2381,2555,2767,2836,2836,3221,3323,3424,3506,3742,3959,4129,4162,4249,4358,4521,4635,4862,5026,5115,5175,5247,5447,5583,5758,5879,5922,6030,6148,6293,6471,6612,6725,6747,6836,6945,7076,7209,7338,7413,7454,7521
09772,Augsburg (Landkreis),253468,0,0,0,0,1,5,17,27,27,27,31,35,35,35,41,53,54,68,78,88,100,122,143,152,164,171,181,201,208,224,242,250,261,262,279,292,300,301,312,320,323,324,326,332,339,338,341,343,342,343,345,349,355,356,356,356,356,356,357,358,358,358,360,360,361,361,363,363,363,364,364,364,368,369,371,371,371,372,372,374,373,373,373,376,376,377,377,377,378,378,378,378,378,387,387,387,387,387,387,387,387,387,387,389,389,389,389,389,389,389,389,390,390,390,390,390,390,391,391,391,394,396,396,396,396,396,396,402,403,403,403,405,413,413,414,415,415,415,415,419,421,422,425,425,425,426,427,430,430,434,434,434,436,443,450,458,460,460,460,464,474,474,478,483,483,483,491,507,509,516,528,528,528,530,551,558,573,578,581,581,585,587,590,594,599,599,599,604,608,621,625,633,633,633,635,649,657,667,678,688,688,688,702,706,719,728,728,728,735,751,757,760,767,767,767,772,787,790,808,817,817,817,827,871,882,912,925,925,925,1002,1020,1043,1089,1131,1210,1210,1290,1342,1355,1478,1576,1576,1576,1616,1845,1912,1986,2177,2217,2217,2322,2451,2513,2657,2787,2831,2831,2960,3021,3117,3207,3309,3355,3355,3473,3568,3633,3740,3740,3740,3740,3793,3957,4119,4247,4361,4432,4433,4440,4613
03452,Aurich (Landkreis),189694,0,0,0,0,0,0,1,1,1,3,12,12,16,17,22,27,27,31,31,31,34,41,48,48,49,49,54,58,64,69,71,71,72,72,74,78,78,79,79,79,79,80,80,80,80,80,82,84,86,89,90,92,92,92,93,93,95,98,99,100,101,100,100,100,104,104,104,104,104,104,104,104,104,104,104,104,104,104,104,104,104,107,108,108,109,110,110,110,110,110,115,118,123,130,130,130,131,133,133,133,133,133,133,133,133,133,134,135,135,135,135,135,134,134,134,134,134,134,134,134,134,136,135,135,135,135,135,135,135,135,135,135,135,135,136,137,137,137,137,137,137,137,137,137,137,137,137,137,137,137,137,137,137,137,146,153,165,165,165,172,172,172,173,177,177,177,178,178,181,183,183,183,183,183,183,184,187,189,189,189,196,196,197,197,197,197,197,197,197,198,202,202,202,202,202,202,202,202,205,205,205,205,206,209,209,214,214,214,214,214,214,214,214,234,234,238,244,260,263,263,281,281,302,307,327,344,341,352,356,357,359,369,379,395,410,426,428,437,463,482,501,527,546,546,564,588,602,642,661,677,683,692,712,730,755,771,800,818,820,847,887,902,920,936,938,948,964,974,1006,1012,1029,1034,1034,1050,1072,1088,1104,1111,1117,1118
07332,Bad Dürkheim (Landkreis),132671,1,1,1,3,3,3,4,4,6,7,13,15,18,19,35,48,56,72,83,99,110,111,117,136,146,160,162,170,179,189,200,207,220,222,230,234,244,254,254,268,271,273,275,279,288,288,301,304,305,307,309,309,309,316,316,318,321,314,314,315,315,316,317,317,318,318,318,318,318,318,318,321,325,325,325,325,325,325,325,325,325,325,325,325,325,325,325,325,325,325,325,325,326,326,326,326,326,326,326,326,328,328,328,328,329,329,329,329,329,329,329,329,329,329,329,329,329,329,329,329,329,329,329,329,329,329,329,329,329,329,329,329,329,329,329,329,329,329,329,329,329,329,329,329,329,329,330,330,330,330,330,330,331,331,332,332,333,333,333,333,333,333,338,338,338,338,339,344,346,348,348,348,348,348,348,348,349,349,349,349,350,350,351,353,353,353,353,355,356,357,361,361,361,361,362,363,364,365,365,365,365,370,371,374,377,378,378,378,384,385,386,389,390,390,390,392,395,400,409,415,415,422,437,451,458,466,472,472,475,496,506,512,523,537,537,537,562,573,616,642,656,669,681,686,711,717,761,780,780,798,821,850,871,898,913,933,949,973,1008,1037,1057,1091,1108,1108,1169,1181,1199,1225,1260,1270,1270,1309,1342,1373,1403,1459,1490,1527,1531,1549
09672,Bad Kissingen (Landkreis),103235,0,1,1,1,1,1,1,3,3,3,3,3,7,7,9,10,14,17,27,27,32,35,37,54,63,70,73,82,102,118,125,127,132,133,140,155,161,164,170,180,181,189,205,213,219,222,226,228,230,231,237,239,242,245,248,251,254,255,255,257,257,258,258,258,258,258,258,258,258,258,258,258,259,259,259,262,262,262,262,265,265,265,265,265,265,265,265,265,265,265,268,268,269,269,269,269,269,269,269,269,269,269,269,270,270,270,270,270,270,270,270,270,270,270,270,270,270,270,270,270,270,270,270,270,270,270,257,257,257,257,257,257,257,257,257,257,261,261,261,263,263,263,263,263,263,263,263,263,263,263,263,263,263,263,265,265,265,266,266,266,265,267,269,269,271,271,271,273,273,274,274,274,274,274,276,279,279,279,279,279,279,280,280,280,280,280,280,282,285,285,285,285,285,285,285,286,286,286,286,286,286,286,287,289,290,290,290,290,290,291,292,294,294,295,295,295,296,296,296,296,298,298,306,306,308,309,312,312,312,313,317,319,328,335,350,357,361,367,374,388,398,406,412,423,428,437,446,458,474,480,485,495,509,527,541,558,558,576,584,598,626,640,662,683,687,691,713,737,743,781,789,797,803,816,847,865,888,916,923,943
07133,Bad Kreuznach (Landkreis),158345,0,0,0,0,0,0,0,1,1,1,13,13,23,23,25,30,42,44,46,53,57,64,72,77,90,92,98,108,114,123,127,137,137,137,140,144,147,147,147,147,147,151,154,161,164,170,171,172,177,181,183,186,186,186,186,186,186,186,186,187,187,189,192,192,192,192,192,192,193,193,195,196,196,196,196,196,196,196,196,196,196,196,196,196,196,196,196,196,196,196,196,198,198,198,198,198,198,198,198,198,199,199,199,199,201,201,201,201,201,201,202,202,202,202,202,202,202,202,202,202,202,203,203,203,203,203,203,203,203,203,203,203,204,204,204,204,204,204,204,204,204,205,206,206,206,206,206,206,206,207,207,207,207,208,208,208,211,211,211,214,214,216,224,231,231,231,245,246,251,254,263,263,263,271,272,272,273,281,281,281,287,291,291,292,292,292,292,301,301,303,305,307,307,307,309,310,312,314,320,320,320,325,325,327,328,331,331,331,331,335,340,344,345,345,345,355,362,371,377,384,384,384,401,406,409,409,415,415,415,437,446,460,471,490,490,490,523,559,575,610,630,641,661,677,696,709,733,763,772,783,801,838,858,881,918,953,961,1028,1062,1112,1176,1221,1234,1244,1294,1338,1388,1421,1468,1481,1503,1523,1556,1586,1615,1640,1655,1682,1718,1747
09173,Bad Tölz-Wolfratshausen (Landkreis),127917,0,0,0,0,0,0,0,1,2,5,6,10,10,11,11,21,31,38,49,63,74,75,120,126,135,142,160,177,183,228,237,261,266,272,288,308,320,332,341,347,352,352,351,367,370,372,381,383,383,389,394,395,397,398,399,401,402,403,406,406,406,404,406,407,411,413,413,413,412,412,412,414,414,414,414,414,416,417,417,417,418,418,418,419,422,423,423,423,423,423,423,423,423,423,423,423,423,423,424,424,424,424,424,424,424,424,426,426,426,428,428,428,428,428,435,435,435,435,435,435,435,438,441,454,456,458,458,461,461,476,476,487,491,492,496,496,497,497,500,500,500,511,514,514,514,514,515,516,519,519,519,519,519,519,519,521,521,521,521,521,521,524,526,527,529,529,529,530,533,540,541,545,545,548,554,559,564,570,571,571,576,585,588,594,596,599,599,605,607,611,617,617,619,619,619,620,621,623,624,625,628,630,632,635,636,635,638,638,639,643,644,644,646,646,646,646,646,650,656,659,662,662,666,669,674,679,688,698,698,709,712,725,751,752,761,772,775,796,812,846,857,886,914,925,936,961,1007,1035,1075,1100,1133,1159,1192,1246,1275,1311,1326,1353,1379,1432,1471,1550,1577,1615,1632,1658,1697,1725,1768,1774,1792,1807,1831,1861,1894,1926,1937,1968,1985,1999
08211,Baden-Baden (Stadtkreis),55185,0,0,0,1,1,1,1,2,3,3,4,5,7,12,14,19,21,23,27,33,36,36,39,47,64,69,73,84,91,96,101,110,110,113,114,125,133,137,141,142,147,148,149,156,162,162,163,164,166,167,174,174,175,176,177,177,180,182,184,185,185,185,185,185,185,186,186,186,186,186,187,187,187,187,187,187,187,187,187,187,187,187,187,187,187,187,187,187,187,187,187,187,187,187,188,188,188,188,188,188,188,188,188,188,188,188,188,188,188,188,188,188,188,188,188,188,188,188,188,188,188,188,188,188,190,190,190,190,190,190,190,190,190,190,190,190,190,190,190,190,190,190,190,190,190,190,190,190,190,190,190,190,190,190,190,190,192,192,192,192,192,192,192,193,193,193,194,195,195,197,198,198,198,200,200,202,204,206,206,206,206,209,210,210,210,210,210,210,211,213,219,220,220,220,223,223,223,223,225,225,225,227,227,228,230,232,232,232,233,233,233,235,235,235,235,236,237,238,240,245,245,245,259,264,272,275,279,279,290,297,299,306,316,321,321,322,333,342,351,358,372,377,384,407,410,413,418,430,440,450,466,476,481,486,497,506,509,519,531,545,563,577,577,597,609,608,629,644,651,653,658,673,675,683,690,700,707,718,751,755
09461,Bamberg (Kreisfreie Stadt),77373,0,0,0,0,0,0,0,0,0,0,3,4,4,9,11,21,25,26,30,30,34,39,55,65,67,67,70,80,83,90,93,93,102,118,122,127,133,136,130,131,141,141,157,157,153,155,157,171,173,174,177,179,180,181,187,181,182,184,187,188,188,189,189,189,189,189,189,189,189,191,190,190,190,190,190,190,190,190,190,190,190,190,193,194,194,194,193,193,193,193,193,198,198,198,200,200,200,200,199,199,199,199,199,199,199,200,200,202,202,202,202,202,202,202,202,202,202,202,202,202,202,202,202,202,202,202,202,202,202,202,202,203,203,203,204,204,204,204,204,204,204,205,205,205,205,205,205,205,207,207,207,207,207,207,208,208,208,210,210,210,211,211,211,213,213,213,214,217,217,221,221,221,221,221,221,222,223,223,223,223,223,223,224,224,225,226,227,229,231,232,234,235,235,235,236,238,237,238,240,240,240,240,244,244,244,246,245,246,247,249,251,252,254,258,259,260,267,267,271,276,279,281,281,281,281,287,289,291,292,292,293,297,305,313,318,332,333,336,354,384,414,426,426,460,469,494,518,527,537,549,559,568,571,595,610,618,646,649,667,676,687,709,715,718,745,751,765,782,799,812,828,834,852,859,872,886,899,932,953,960
09471,Bamberg (Landkreis),147163,0,0,0,0,0,0,0,0,1,4,7,9,9,10,16,41,41,41,48,53,75,107,138,151,161,161,174,182,205,229,237,248,280,280,304,314,324,327,332,335,339,339,347,347,356,362,366,366,369,371,374,374,380,381,377,383,384,384,389,389,389,390,390,390,390,390,396,396,403,404,403,403,404,405,405,405,405,405,405,404,404,404,405,413,414,413,413,413,413,413,413,416,417,418,419,419,419,419,419,419,419,419,419,419,421,422,422,422,422,423,423,423,428,428,429,429,429,429,430,430,430,430,430,430,430,431,431,431,431,431,431,431,431,431,435,435,435,435,435,435,435,435,436,436,436,435,435,435,436,436,436,436,436,436,436,437,440,440,440,440,440,440,443,443,443,443,444,445,446,446,446,446,446,446,447,447,447,449,449,449,449,452,452,453,453,453,453,459,459,460,463,466,466,466,468,470,473,476,478,478,484,484,489,492,494,494,498,501,502,507,509,510,512,514,520,518,520,523,532,539,547,550,549,550,557,565,576,578,584,584,597,608,620,631,639,663,663,684,704,739,765,794,794,845,882,907,943,992,1014,1043,1078,1109,1109,1168,1200,1219,1268,1276,1305,1317,1355,1378,1386,1397,1435,1437,1461,1487,1520,1544,1568,1584,1618,1627,1642,1655,1669,1706,1722,1733
12060,Barnim (Landkreis),185244,0,0,0,0,0,0,0,2,2,4,8,10,11,11,20,21,29,37,38,40,46,50,56,61,65,68,71,74,81,87,94,102,109,120,123,126,179,192,203,206,230,232,237,251,259,271,291,300,302,325,337,337,349,354,358,361,369,371,375,384,386,386,387,389,395,398,399,403,405,401,402,403,406,406,406,406,406,406,406,406,407,407,407,407,407,407,408,408,409,409,408,409,409,410,411,411,411,411,411,411,411,411,416,418,418,420,421,422,422,427,427,429,430,431,431,431,431,431,431,431,431,431,431,432,432,432,432,432,432,432,433,433,434,434,434,435,435,442,442,443,450,450,450,450,450,450,450,450,450,450,450,450,450,450,450,450,455,456,456,456,456,457,457,458,458,458,458,459,459,459,461,461,461,461,461,462,464,465,465,466,466,466,466,466,466,470,470,470,470,470,470,470,471,471,471,471,471,474,476,477,477,477,477,480,484,486,490,492,492,493,494,494,496,499,503,505,505,506,509,512,516,521,521,526,528,537,545,552,560,561,565,571,578,589,612,627,634,643,663,672,707,741,760,772,792,833,862,888,910,942,947,965,994,1016,1057,1093,1106,1129,1163,1197,1241,1273,1310,1319,1350,1393,1414,1441,1475,1538,1547,1577,1594,1627,1660,1695,1741,1754,1770,1788
14625,Bautzen (Landkreis),299758,0,0,0,1,4,4,4,7,12,12,14,19,19,24,36,48,55,56,86,88,101,112,114,141,156,168,171,180,189,193,202,206,207,215,222,231,242,269,284,289,294,297,304,308,318,322,326,326,329,340,341,345,347,347,347,348,351,355,358,358,358,358,361,374,383,407,416,417,418,427,439,448,453,457,458,458,469,475,480,480,481,481,482,485,486,493,494,496,496,496,496,496,496,497,497,498,499,499,499,499,499,499,499,500,500,500,501,501,501,501,501,501,501,501,501,501,501,501,501,501,501,501,501,501,501,501,502,502,502,502,502,503,503,503,503,503,503,503,503,503,503,503,503,503,503,503,503,503,503,503,503,503,503,503,504,505,505,505,505,505,505,505,507,507,507,507,507,507,507,507,507,507,507,509,511,511,512,515,517,517,517,522,522,524,526,526,526,528,532,540,553,557,557,559,561,565,568,570,574,574,574,575,577,579,580,583,585,585,593,603,608,615,629,629,638,638,654,663,678,698,701,701,732,741,755,781,810,823,856,880,904,958,1021,1070,1162,1225,1240,1283,1422,1563,1703,1888,2008,2047,2126,2376,2545,2711,2914,2998,3046,3166,3352,3563,3754,3857,4012,4071,4222,4522,4604,4795,4996,5095,5110,5252,5512,5729,5974,6194,6320,6370,6502,6836,7099,7411,7667,7822,7891,8099
09462,Bayreuth (Kreisfreie Stadt),74783,0,0,0,0,0,0,0,0,0,0,1,1,1,1,3,7,7,7,7,7,9,19,53,56,56,56,51,55,62,88,105,105,105,95,104,113,130,142,142,142,154,162,167,167,186,186,177,177,178,183,183,193,193,193,194,194,195,195,195,195,199,190,190,195,197,197,197,198,200,201,201,201,203,203,204,204,204,204,204,204,204,204,204,205,205,205,205,205,205,205,205,205,205,206,206,206,206,206,206,206,206,206,206,206,206,206,207,206,206,208,208,208,208,208,208,208,208,208,208,208,208,208,208,208,208,208,209,209,209,209,209,209,209,209,209,209,209,209,209,209,209,209,209,209,209,209,209,209,209,210,210,210,210,210,210,212,212,212,212,213,213,213,213,214,216,216,218,218,221,222,222,222,223,223,223,226,227,227,227,227,227,228,228,228,228,229,229,233,233,233,235,237,237,237,237,238,239,242,247,247,247,254,257,260,261,262,263,263,266,269,270,274,280,280,280,286,286,288,290,294,294,294,301,301,304,310,313,313,319,324,334,337,364,388,388,388,405,407,431,451,467,467,482,492,503,513,530,540,555,564,572,574,585,599,608,611,620,629,633,636,641,644,655,667,673,677,685,695,700,704,707,710,711,724,757,775,782,794,802,803
09472,Bayreuth (Landkreis),103664,2,2,2,2,2,2,4,4,4,5,6,6,6,6,9,13,21,23,26,38,56,60,85,101,101,112,129,136,142,167,190,190,190,212,232,253,248,282,282,282,302,315,328,343,358,365,372,375,379,387,393,394,394,398,402,402,404,409,409,409,417,405,407,409,413,413,413,416,417,420,423,423,424,424,424,424,424,424,424,425,425,425,425,425,425,426,426,426,426,426,426,426,426,426,426,426,426,426,426,426,426,426,426,426,426,426,426,425,425,425,425,425,425,426,426,426,430,430,430,430,430,430,430,430,430,430,431,430,430,430,430,430,430,430,430,430,430,430,431,431,431,431,431,431,431,431,431,431,431,432,432,433,433,433,433,433,433,433,433,433,433,433,433,433,434,434,435,435,436,436,436,437,437,437,438,440,440,440,440,440,440,440,440,440,441,441,441,442,442,442,444,444,444,444,445,445,446,447,447,447,447,448,448,448,449,449,449,449,450,451,452,452,454,454,454,455,457,457,458,460,460,460,462,463,463,468,471,471,478,484,492,497,520,544,544,544,556,562,586,602,618,635,642,659,665,679,694,707,720,729,732,736,752,777,794,810,819,834,834,842,855,871,892,904,912,914,925,941,955,972,979,991,1010,1019,1038,1055,1079,1096,1105,1112
09172,Berchtesgadener Land (Landkreis),105929,0,0,0,0,0,0,0,0,0,4,4,4,9,9,13,19,25,28,31,39,41,48,60,64,68,76,80,96,108,130,140,155,165,169,186,214,216,219,221,222,224,226,227,233,249,250,255,257,263,266,267,273,276,279,281,281,281,281,282,283,284,284,285,291,295,296,298,298,298,298,298,298,298,300,300,300,300,301,301,303,303,303,305,305,305,306,306,306,306,306,306,306,306,306,306,306,306,306,306,306,306,306,306,306,306,306,309,309,309,309,310,310,310,315,316,316,316,316,319,320,321,324,324,324,324,324,323,323,324,324,324,325,325,336,336,337,337,337,342,342,345,347,349,349,349,350,350,354,355,355,355,355,356,357,358,358,359,359,359,362,363,367,370,372,372,372,373,375,375,378,380,380,380,381,384,385,388,388,388,388,391,392,392,393,394,394,394,395,397,404,404,406,406,406,407,413,416,421,427,427,427,432,432,435,436,446,446,446,448,449,450,450,451,451,451,452,453,457,461,468,468,469,513,530,540,558,611,639,639,786,769,808,872,903,952,971,1024,1078,1151,1198,1238,1253,1253,1314,1339,1367,1404,1434,1463,1463,1486,1500,1517,1556,1580,1594,1601,1632,1649,1684,1716,1746,1770,1801,1830,1847,1866,1886,1927,1945,1970,1982,2000,2030,2054,2085,2106,2120,2138,2152
06431,Bergstraße (Landkreis),270340,1,1,1,1,1,2,3,3,6,13,15,19,21,25,31,37,47,68,73,84,96,104,123,141,156,168,170,180,192,203,208,221,228,232,241,252,256,261,265,267,268,272,278,284,286,288,288,290,291,295,297,298,300,300,301,304,309,311,311,312,312,312,315,317,320,323,325,325,327,330,332,333,334,336,336,339,339,339,340,341,349,349,349,349,349,350,352,352,353,353,353,354,354,356,356,356,356,356,356,356,356,357,357,357,358,360,360,363,364,364,364,365,365,366,366,366,366,366,366,367,368,369,373,373,373,375,376,380,380,382,382,381,381,382,383,383,384,384,384,385,386,388,391,393,394,395,397,401,403,403,403,403,404,405,407,413,415,416,416,416,429,433,437,441,444,450,454,463,464,471,477,477,503,503,512,516,525,529,529,537,537,543,545,547,548,548,552,555,556,558,563,566,566,574,576,579,583,585,586,589,589,590,596,603,613,628,628,632,632,636,645,649,655,655,666,669,678,684,697,712,712,724,727,756,782,826,874,874,919,928,973,1029,1095,1131,1131,1230,1270,1328,1418,1474,1533,1533,1607,1670,1720,1804,1880,1938,2006,2040,2073,2142,2196,2245,2300,2332,2363,2406,2461,2501,2574,2631,2687,2713,2739,2766,2807,2856,2913,2976,2989,3010,3060,3120,3164,3228,3291,3315,3337,3389
11000,Berlin (Kreisfreie Stadt),3669491,9,15,19,28,40,48,58,90,137,174,263,283,332,383,519,688,868,1025,1071,1219,1425,1645,1937,2152,2337,2462,2581,2777,2993,3223,3486,3626,3687,3862,4038,4212,4357,4446,4553,4583,4667,4736,4870,4971,5091,5187,5225,5265,5341,5355,5476,5532,5607,5644,5677,5738,5821,5881,5936,5970,6004,6036,6086,6143,6203,6236,6256,6267,6269,6294,6338,6393,6424,6443,6454,6474,6503,6552,6582,6611,6636,6641,6651,6672,6702,6737,6766,6799,6815,6838,6873,6900,6945,6963,6996,7015,7041,7081,7135,7164,7251,7281,7321,7368,7401,7474,7602,7732,7803,7832,7915,7974,8020,8095,8144,8167,8175,8219,8242,8301,8344,8392,8433,8450,8461,8501,8536,8585,8616,8636,8637,8655,8673,8698,8724,8747,8772,8778,8801,8836,8859,8893,8956,8990,9000,9019,9070,9149,9191,9273,9318,9327,9366,9398,9489,9542,9639,9687,9697,9739,9850,9975,10106,10195,10237,10252,10318,10393,10462,10542,10654,10716,10727,10785,10851,10933,11010,11124,11182,11188,11265,11346,11430,11528,11622,11702,11726,11791,11878,11950,12089,12215,12253,12268,12353,12462,12592,12732,12918,13064,13108,13256,13373,13572,13810,13969,14112,14195,14326,14499,14787,15031,15370,15573,15647,15948,16236,16614,17112,17555,17828,18075,18327,19033,19536,20087,20763,21126,21428,21904,22726,23697,24480,25373,25789,26093,27023,28063,29224,30355,31439,32230,32592,33305,34818,35966,37353,38682,39379,39620,40460,42014,43146,45106,46434,47265,47697,49034,50606,52063,53314,55017,56068,56504,57309,58924,60554,61664,63064,63888,64220,65145,66306,67264,68508,69768,71088,71443,72083,73431
07231,Bernkastel-Wittlich (Landkreis),112483,0,0,0,0,0,0,0,1,3,3,4,4,6,7,9,16,18,21,23,24,31,32,38,45,49,56,62,67,67,74,78,80,85,87,94,98,107,110,111,111,114,115,116,118,121,121,121,122,122,123,126,126,127,127,127,127,129,130,130,132,132,132,132,133,139,139,139,142,143,144,146,150,150,151,152,152,152,153,153,153,153,153,153,153,157,157,160,160,160,161,161,161,163,163,164,165,165,165,165,165,165,165,166,166,166,167,167,170,170,170,170,172,172,172,174,174,175,175,175,176,176,177,178,178,178,178,181,181,182,182,182,182,182,182,184,184,185,186,187,187,193,196,197,197,203,203,203,206,207,208,208,208,208,208,208,209,210,211,212,212,212,212,212,212,213,216,216,218,222,224,224,225,226,228,230,230,230,230,231,231,231,231,233,233,234,234,234,234,235,237,238,238,238,239,239,241,242,243,243,243,243,248,250,253,254,254,254,255,258,263,265,269,270,273,279,279,285,288,290,291,291,298,301,304,318,333,336,338,363,364,387,424,455,468,476,506,515,541,568,608,629,635,662,665,706,720,746,767,792,792,807,823,859,869,881,902,916,936,947,974,988,996,1010,1021,1025,1044,1047,1055,1069,1078,1080,1082,1088,1094,1108,1117,1120,1142,1145,1160
08426,Biberach (Landkreis),201282,0,0,1,3,3,3,3,3,4,11,12,12,12,38,45,55,55,55,73,74,111,154,187,200,212,225,226,243,260,285,307,323,338,342,361,375,393,402,407,408,423,423,426,441,448,455,458,460,470,479,485,487,492,493,493,502,511,523,535,535,537,537,539,549,557,562,567,567,567,567,568,572,574,575,575,575,576,580,581,582,585,585,585,588,593,595,597,598,598,598,598,598,599,599,599,599,599,599,599,599,599,599,599,600,600,600,600,601,601,601,601,601,601,605,610,610,610,612,617,620,622,622,622,622,626,626,627,627,628,628,628,628,628,629,629,629,629,629,629,629,630,632,633,633,633,634,634,634,634,634,634,634,634,634,634,635,637,637,637,643,644,647,651,653,653,653,663,666,676,684,689,693,698,700,702,704,708,709,709,716,717,724,728,731,737,737,737,747,748,750,752,755,756,756,761,764,766,767,771,771,771,772,775,779,781,787,796,823,825,829,841,853,861,864,874,878,884,892,901,909,917,920,925,929,932,942,954,965,974,976,983,990,1001,1011,1020,1026,1039,1056,1080,1112,1137,1172,1202,1217,1228,1259,1284,1327,1365,1365,1382,1396,1424,1448,1471,1484,1505,1514,1523,1551,1571,1611,1645,1645,1657,1688,1714,1745,1772,1776,1836,1838,1869,1930,1969,2006,2069,2069,2095,2142
05711,Bielefeld (Kreisfreie Stadt),334195,0,0,0,0,0,0,2,5,15,19,25,27,28,43,49,57,72,81,93,98,104,120,132,142,146,146,164,169,177,188,200,209,222,224,233,257,269,280,290,291,294,294,300,336,343,345,349,338,338,340,349,350,358,360,370,373,375,375,375,379,379,379,379,379,386,387,387,387,387,399,401,403,406,408,408,408,409,409,409,409,410,410,410,410,410,410,410,410,410,410,410,413,413,413,411,411,411,413,414,414,414,414,414,414,414,419,420,424,431,431,431,434,437,440,444,450,450,450,460,463,465,473,475,475,475,475,492,495,498,498,498,498,512,518,530,531,536,538,538,542,546,553,557,559,567,567,572,581,585,591,593,597,597,598,605,613,616,626,626,634,637,638,654,660,679,685,685,691,695,702,712,713,716,716,718,721,726,730,733,736,736,742,750,752,764,760,765,765,772,773,778,783,789,800,800,803,809,812,815,820,827,827,827,830,839,844,878,898,900,902,922,941,957,966,979,979,983,993,1010,1027,1046,1062,1062,1086,1109,1158,1201,1218,1253,1259,1292,1332,1378,1449,1520,1588,1624,1659,1715,1781,1881,1958,2023,2062,2131,2260,2328,2428,2513,2581,2647,2728,2805,2896,3004,3103,3175,3233,3271,3362,3445,3548,3688,3749,3810,3935,4015,4143,4286,4394,4457,4492,4542,4653,4780,4896,4994,5089,5151,5229
07134,Birkenfeld (Landkreis),80951,0,0,0,0,0,0,0,0,0,0,0,0,0,2,2,5,5,15,17,17,19,20,25,31,33,34,34,36,38,45,49,51,53,53,57,57,65,69,69,71,73,73,73,75,76,77,79,79,80,81,83,84,84,84,85,85,86,86,86,86,87,87,87,87,87,87,87,87,87,87,87,88,88,88,88,88,89,89,89,89,89,89,89,89,89,89,89,89,89,89,89,90,90,90,90,90,90,90,90,90,90,90,90,90,90,90,90,90,90,90,90,90,90,90,90,90,90,90,90,90,90,90,90,90,90,91,91,91,91,91,91,91,92,92,92,92,92,92,92,93,93,93,93,93,93,93,93,93,93,93,93,93,93,93,93,93,93,93,94,94,94,94,94,98,98,98,98,100,101,103,103,105,113,113,114,114,114,117,117,117,117,117,119,119,119,119,119,119,119,119,119,119,120,120,120,121,121,122,122,123,123,123,123,123,123,123,123,123,123,123,123,123,123,123,123,123,124,124,127,136,137,138,138,143,143,144,194,213,226,230,232,261,270,282,299,360,372,387,425,448,462,477,488,503,511,530,555,581,607,619,626,641,665,690,696,717,742,742,764,781,804,825,839,850,852,861,876,894,921,924,928,932,937,955,967,977,982,983,989,997
08115,Böblingen (Landkreis),392807,1,1,3,3,3,3,4,4,4,7,9,9,9,66,66,105,125,182,239,255,318,351,398,450,473,473,596,613,664,695,798,821,1001,1028,1013,1042,1094,1100,1168,1168,1168,1251,1256,1275,1292,1292,1292,1315,1323,1323,1342,1352,1352,1352,1361,1367,1366,1367,1367,1367,1367,1376,1377,1377,1377,1378,1378,1378,1379,1379,1379,1379,1383,1383,1383,1385,1385,1384,1384,1378,1378,1378,1380,1383,1383,1391,1388,1388,1388,1388,1389,1387,1385,1385,1385,1385,1393,1389,1389,1389,1397,1397,1397,1393,1392,1395,1397,1398,1398,1398,1402,1402,1407,1408,1412,1412,1412,1415,1419,1419,1419,1419,1419,1419,1420,1423,1426,1431,1434,1434,1434,1434,1435,1438,1438,1440,1440,1440,1449,1452,1456,1458,1459,1459,1459,1467,1468,1469,1473,1480,1480,1480,1487,1490,1493,1496,1499,1499,1499,1508,1508,1511,1518,1522,1522,1522,1529,1534,1556,1574,1582,1582,1582,1607,1623,1645,1651,1669,1703,1703,1716,1724,1749,1766,1778,1778,1778,1822,1826,1830,1861,1876,1876,1876,1901,1908,1909,1909,1954,1954,1954,1992,1993,2009,2017,2039,2039,2039,2069,2075,2091,2110,2122,2122,2122,2146,2150,2173,2200,2236,2236,2236,2281,2306,2307,2380,2436,2436,2491,2491,2538,2576,2679,2778,2859,2879,2984,3013,3030,3135,3241,3299,3409,3477,3656,3887,4051,4177,4263,4372,4438,4483,4531,4675,4830,4912,4912,5029,5037,5173,5254,5385,5525,5563,5629,5629,5654,5699,5883,5977,5986,6036,6157,6210,6374,6466,6586,6608,6707,6737
05911,Bochum (Kreisfreie Stadt),365587,1,1,2,3,3,4,5,5,8,20,24,24,26,26,39,61,81,120,141,143,158,167,180,194,219,245,262,279,285,301,315,315,319,335,342,348,365,373,373,381,383,385,394,397,400,402,402,408,412,420,423,425,425,429,430,433,435,436,436,436,440,441,441,448,451,453,453,459,471,476,481,489,489,489,489,496,498,499,499,504,504,504,512,517,520,527,531,531,531,536,537,538,544,552,553,553,569,569,578,578,582,582,587,588,588,591,597,597,597,605,605,608,611,611,619,619,623,624,625,627,628,632,632,632,632,634,636,642,646,656,656,656,657,665,671,681,692,693,698,701,714,737,750,755,764,765,768,785,796,800,806,813,815,818,827,832,844,853,869,869,879,908,943,959,969,977,983,989,994,1006,1012,1015,1015,1016,1021,1028,1034,1041,1048,1052,1052,1058,1064,1074,1081,1085,1086,1089,1095,1104,1117,1130,1139,1144,1146,1167,1182,1203,1219,1225,1234,1237,1247,1264,1275,1284,1288,1295,1301,1313,1330,1346,1356,1370,1385,1385,1397,1422,1450,1489,1511,1530,1543,1559,1607,1646,1697,1724,1744,1785,1805,1862,1915,2104,2157,2177,2238,2344,2387,2544,2569,2781,2818,2893,2959,3099,3215,3289,3388,3473,3557,3647,3729,3845,3936,4002,4064,4072,4179,4272,4371,4475,4638,4670,4707,4735,4791,4938,4993,5039,5090,5150,5269,5369,5470,5581,5620,5694,5714,5806
08435,Bodenseekreis (Landkreis),217470,1,3,4,4,4,4,5,8,12,18,31,33,35,48,66,75,75,89,89,100,131,170,172,186,192,196,196,210,218,225,231,236,238,238,246,257,258,265,265,265,265,265,268,275,276,276,276,277,277,279,279,279,279,281,281,283,283,283,283,283,283,287,289,288,288,288,288,288,288,288,289,290,290,290,290,290,290,290,290,290,290,290,290,290,291,291,291,291,291,291,291,291,291,292,292,292,293,293,293,293,294,294,294,294,294,294,294,295,295,295,295,295,295,295,295,295,295,295,296,297,297,297,297,297,297,298,298,298,299,299,299,301,301,301,304,310,310,310,318,321,322,330,331,331,331,334,334,336,337,338,338,338,338,339,340,340,340,340,340,341,341,343,345,348,348,348,356,359,367,368,372,375,380,381,392,398,402,405,405,408,411,414,421,423,426,426,437,437,443,444,450,460,460,468,470,480,493,500,505,505,508,517,519,522,526,527,531,541,542,545,549,556,558,560,563,564,565,569,571,575,575,584,587,596,610,615,624,630,636,645,650,662,673,685,699,709,723,749,776,798,820,825,840,890,904,940,985,1033,1065,1076,1082,1133,1172,1203,1242,1255,1301,1302,1329,1389,1429,1441,1495,1504,1527,1595,1651,1695,1720,1741,1762,1764,1784,1826,1860,1879,1903,1918,1923,1970
05314,Bonn (Kreisfreie Stadt),329673,1,1,1,1,1,6,7,13,17,23,28,37,55,64,69,75,103,120,133,157,166,180,218,222,241,259,268,289,305,316,353,370,395,412,421,437,447,474,484,504,518,530,539,550,552,561,570,573,579,583,596,598,619,635,635,638,644,649,661,666,666,667,671,674,679,685,687,687,688,688,688,692,693,693,693,695,696,698,699,703,703,703,718,719,720,728,729,731,732,735,735,737,740,742,746,747,749,749,749,749,749,750,752,752,754,754,755,755,756,756,757,757,757,757,757,757,757,759,759,760,761,762,762,762,769,770,771,772,773,773,773,774,774,774,774,774,774,777,779,779,782,789,793,793,793,807,810,814,819,824,824,824,832,842,848,861,864,864,864,888,896,903,914,920,920,930,933,941,950,958,966,968,984,990,995,1001,1008,1012,1012,1016,1024,1029,1031,1037,1041,1041,1047,1064,1069,1069,1077,1085,1085,1106,1112,1119,1124,1133,1142,1142,1155,1162,1168,1180,1187,1196,1196,1225,1233,1243,1252,1266,1281,1281,1295,1327,1338,1367,1385,1395,1395,1421,1463,1494,1509,1542,1562,1596,1617,1646,1689,1745,1766,1809,1865,1895,1954,1996,2037,2135,2208,2261,2328,2388,2434,2486,2565,2661,2747,2789,2847,2896,2961,3033,3104,3176,3268,3339,3374,3436,3536,3609,3662,3727,3801,3847,3889,3985,4072,4165,4210,4253,4349,4416,4491,4583,4675,4716,4790,4859
15083,Börde (Landkreis),170923,0,0,0,0,0,0,2,2,2,3,4,11,13,16,22,25,29,30,36,40,41,44,44,50,50,53,56,56,60,61,64,66,68,69,74,78,79,84,87,89,91,94,96,97,102,104,106,104,106,118,120,123,131,131,133,133,138,140,143,144,143,143,146,154,156,157,157,157,157,157,158,158,158,158,158,158,158,159,159,159,159,159,159,159,159,160,160,160,160,160,161,161,163,163,163,163,163,163,163,163,163,163,163,163,163,164,164,164,164,164,164,164,164,164,165,165,165,165,166,166,166,166,166,166,166,166,167,167,167,167,167,167,167,169,169,170,170,170,175,178,178,178,178,178,178,179,179,179,180,183,183,183,183,184,185,185,185,185,185,185,188,188,188,190,190,190,190,191,193,194,194,194,194,194,194,194,194,197,197,197,197,199,199,199,200,200,201,201,201,201,201,201,201,201,202,204,204,204,204,204,205,205,205,206,206,206,206,206,206,206,207,208,208,208,208,209,213,213,213,214,214,216,218,219,222,222,228,228,228,228,244,257,260,272,272,303,307,318,342,357,357,367,367,409,427,458,467,486,486,486,521,528,547,590,619,619,619,654,677,703,731,731,731,731,799,820,846,859,913,913,917,942,967,970,1002,1051,1069,1069,1080,1126
05554,Borken (Kreis),371339,0,1,5,5,5,5,6,7,14,27,45,82,95,123,164,209,252,274,282,296,308,336,368,399,424,438,448,480,525,566,609,650,664,681,699,722,753,765,770,783,790,793,804,822,832,839,841,841,846,855,863,871,874,876,877,878,879,881,885,886,890,891,895,900,910,919,921,934,938,966,978,985,987,990,993,1003,1003,1004,1020,1042,1043,1044,1046,1089,1090,1094,1095,1097,1097,1098,1098,1101,1105,1106,1106,1106,1107,1109,1109,1109,1109,1109,1109,1110,1111,1111,1113,1113,1113,1113,1113,1113,1114,1114,1114,1114,1114,1114,1114,1116,1119,1119,1119,1119,1119,1120,1120,1121,1121,1122,1122,1122,1124,1124,1125,1126,1126,1126,1134,1137,1143,1142,1144,1147,1147,1150,1150,1155,1160,1163,1163,1163,1165,1173,1174,1175,1180,1182,1182,1184,1188,1192,1202,1208,1208,1212,1226,1229,1239,1242,1245,1247,1247,1250,1250,1250,1251,1251,1251,1251,1256,1259,1261,1267,1271,1272,1272,1275,1276,1276,1277,1279,1284,1284,1292,1298,1302,1307,1307,1314,1314,1314,1317,1320,1324,1332,1339,1339,1351,1356,1364,1373,1392,1392,1392,1426,1438,1448,1459,1472,1479,1479,1512,1532,1552,1581,1612,1636,1682,1684,1712,1752,1786,1872,1914,1988,2014,2045,2100,2175,2281,2360,2476,2522,2586,2640,2754,2850,2924,2975,3021,3107,3190,3302,3426,3547,3648,3691,3740,3797,3934,4026,4092,4185,4186,4243,4277,4359,4417,4502,4579,4581,4608,4643,4686,4764,4814,4898,4898,4935
05512,Bottrop (Kreisfreie Stadt),117565,0,0,0,0,0,1,1,1,3,3,3,4,4,9,10,12,13,16,17,17,18,22,22,27,37,38,40,44,45,51,55,55,60,66,66,71,82,85,85,87,88,92,99,101,105,108,112,112,121,121,124,126,138,142,142,144,145,147,147,155,155,155,168,175,175,175,175,177,178,179,184,184,184,186,186,186,187,187,187,187,187,187,193,193,195,195,195,195,195,198,200,201,203,203,203,203,203,203,206,206,208,210,210,210,210,210,210,210,210,210,211,212,212,212,212,212,212,212,212,212,212,219,219,219,220,220,220,220,223,223,223,226,226,226,226,231,231,231,232,232,232,232,238,242,242,248,248,248,253,264,267,267,266,268,272,275,277,277,277,279,283,284,285,291,291,291,290,292,293,294,296,296,296,297,302,304,308,308,308,308,312,309,309,311,310,314,315,314,317,320,321,322,322,323,323,324,324,324,326,327,332,333,334,334,337,343,345,350,354,360,360,369,370,371,381,384,390,392,398,401,401,401,410,416,424,424,437,437,437,453,473,475,490,490,532,565,588,610,645,667,711,741,800,843,863,892,956,1021,1034,1082,1093,1113,1146,1170,1209,1249,1295,1311,1325,1362,1404,1479,1514,1543,1545,1571,1599,1635,1677,1707,1739,1750,1760,1796,1836,1882,1922,1952,1953,1994
12051,Brandenburg an der Havel (Kreisfreie Stadt),72184,0,0,0,0,0,0,0,0,0,0,0,0,1,1,2,4,7,8,8,10,12,12,13,14,15,16,17,21,24,27,29,31,33,33,37,39,41,44,45,47,46,46,49,49,49,49,49,49,51,52,53,55,55,55,55,55,56,56,57,59,59,59,59,59,60,60,60,60,60,60,60,60,60,60,60,60,60,60,60,61,61,61,61,61,61,61,61,61,61,61,61,61,61,61,61,61,61,61,62,62,64,64,64,64,65,65,65,65,65,65,65,65,65,65,65,65,65,65,65,65,65,65,65,65,65,65,65,65,65,65,65,65,65,65,65,65,65,65,65,65,65,65,65,65,65,65,65,65,65,65,65,65,65,65,65,65,65,65,65,65,65,65,65,66,66,66,66,66,66,68,69,69,69,69,69,69,70,70,70,70,70,70,70,70,70,70,70,71,71,71,71,71,71,72,72,72,72,73,74,75,75,75,75,76,78,78,78,78,78,79,79,79,81,81,81,81,81,85,85,85,85,86,87,87,87,87,87,92,92,92,97,105,126,131,135,137,138,146,157,164,169,175,178,179,182,186,194,203,208,213,215,220,227,237,254,256,257,258,267,279,307,329,340,341,347,354,373,390,397,402,402,408,417,435,450,456,466,473,474,480
03101,Braunschweig (Kreisfreie Stadt),249406,0,1,1,1,1,1,1,1,2,2,5,5,8,12,13,18,25,29,56,58,63,73,80,94,109,138,144,148,169,189,209,216,225,231,232,241,247,269,271,271,273,275,279,284,287,289,291,291,292,292,294,294,299,300,301,301,302,304,305,306,307,307,307,308,308,312,312,314,316,319,320,323,323,323,323,326,326,326,326,326,326,326,327,327,327,328,330,330,330,330,330,330,331,331,331,331,331,331,331,331,331,331,331,331,331,331,331,332,332,333,333,334,335,335,336,336,337,337,337,338,338,351,351,351,351,351,351,351,351,352,352,352,352,352,352,352,352,352,352,353,353,354,354,354,354,354,354,355,356,357,357,357,357,360,360,363,363,363,365,366,366,366,368,368,368,370,373,373,377,379,381,381,381,387,389,395,397,398,399,399,406,408,410,413,414,414,417,418,420,420,421,423,423,428,429,430,436,439,440,442,446,446,448,457,460,465,465,468,469,473,476,483,488,490,493,497,499,502,517,525,534,543,539,545,557,569,579,579,597,602,615,626,648,670,686,712,717,734,761,793,824,840,875,895,902,932,974,1000,1000,1091,1114,1126,1142,1190,1219,1241,1266,1273,1279,1297,1323,1347,1372,1393,1395,1409,1430,1450,1485,1504,1526,1535,1548,1569,1597,1622,1625,1643,1662,1666
08315,Breisgau-Hochschwarzwald (Landkreis),263601,4,4,4,5,5,6,6,11,19,36,40,46,50,64,89,126,145,173,173,199,199,235,266,280,378,389,415,453,507,566,614,664,706,708,708,779,774,840,858,879,882,891,905,911,951,987,1001,1002,1007,1028,1049,1061,1079,1084,1085,1086,1093,1097,1115,1116,1119,1119,1118,1118,1122,1126,1130,1135,1138,1139,1141,1143,1145,1145,1148,1148,1148,1148,1150,1150,1150,1146,1146,1146,1147,1147,1148,1148,1148,1148,1148,1148,1148,1150,1150,1151,1151,1151,1151,1151,1152,1152,1152,1155,1156,1154,1154,1157,1157,1157,1157,1157,1157,1157,1157,1157,1157,1158,1158,1159,1159,1160,1160,1160,1160,1161,1164,1165,1166,1166,1166,1170,1171,1175,1176,1176,1176,1176,1179,1179,1180,1183,1183,1183,1183,1186,1188,1189,1191,1192,1192,1192,1192,1193,1195,1197,1198,1198,1198,1199,1200,1201,1206,1211,1211,1211,1216,1219,1221,1223,1225,1225,1225,1229,1233,1243,1252,1264,1264,1264,1285,1290,1293,1299,1302,1302,1302,1317,1320,1329,1349,1357,1357,1357,1376,1391,1396,1411,1431,1431,1431,1444,1456,1466,1471,1482,1482,1482,1499,1502,1507,1513,1525,1525,1525,1558,1568,1576,1582,1588,1588,1588,1603,1616,1624,1642,1665,1665,1711,1743,1756,1807,1834,1868,1921,1953,1959,2012,2059,2121,2182,2238,2252,2272,2336,2380,2454,2486,2538,2560,2586,2628,2653,2698,2755,2790,2791,2862,2872,2898,2947,2980,3024,3067,3090,3105,3125,3166,3202,3234,3266,3273,3297,3338,3414,3461,3525,3564,3583,3606
04011,Bremen (Kreisfreie Stadt),567559,3,3,4,4,4,4,22,32,38,42,45,48,49,54,62,104,112,153,158,161,181,196,228,247,259,270,277,292,308,319,331,365,368,370,396,416,425,425,451,451,463,471,478,526,537,555,574,578,595,643,676,682,700,714,719,751,777,806,807,820,837,838,854,895,925,949,965,975,978,996,1023,1047,1068,1082,1089,1155,1174,1191,1191,1212,1214,1226,1227,1234,1256,1275,1292,1292,1292,1292,1316,1328,1337,1346,1349,1355,1356,1371,1387,1391,1397,1397,1397,1408,1421,1427,1432,1440,1449,1451,1455,1454,1456,1459,1460,1462,1462,1462,1467,1469,1472,1472,1475,1476,1476,1477,1478,1482,1483,1483,1483,1484,1484,1488,1491,1494,1501,1501,1502,1504,1505,1508,1517,1517,1517,1526,1531,1535,1546,1552,1552,1552,1557,1560,1562,1568,1570,1570,1570,1577,1583,1586,1592,1599,1599,1599,1614,1626,1637,1644,1652,1652,1658,1670,1680,1699,1710,1732,1732,1732,1752,1765,1785,1795,1801,1801,1812,1816,1828,1836,1850,1858,1858,1871,1877,1895,1909,1911,1924,1947,1950,1954,1981,1993,2010,2050,2094,2094,2113,2161,2196,2236,2280,2280,2321,2354,2424,2523,2596,2657,2765,2787,2822,2874,2976,3077,3173,3258,3279,3317,3409,3543,3689,3819,4002,4054,4135,4322,4509,4708,4932,5101,5251,5460,5659,5892,6120,6382,6551,6617,6713,6815,7009,7237,7391,7566,7635,7663,7778,8039,8150,8310,8453,8517,8531,8661,8826,8931,9027,9190,9215,9241,9388,9538,9598,9714,9828,9878,9908,10013
04012,Bremerhaven (Kreisfreie Stadt),113643,0,0,0,0,0,0,0,0,4,6,8,8,8,12,13,14,14,14,14,14,14,16,16,16,19,20,20,23,22,22,23,23,25,25,26,26,26,26,26,26,26,26,26,27,27,27,27,29,30,30,32,38,40,40,40,45,50,53,53,55,56,56,63,71,73,76,79,81,81,83,83,85,85,85,85,85,85,85,85,84,85,86,86,89,92,97,112,120,120,120,132,136,163,168,170,179,179,179,181,183,187,187,187,188,189,195,197,199,199,200,202,202,202,202,202,202,202,203,203,204,206,206,206,206,206,207,209,209,209,209,210,210,210,212,213,216,217,218,218,222,225,228,228,228,228,229,230,231,231,232,232,232,232,233,233,233,233,233,233,235,239,239,239,239,239,239,240,241,244,244,244,244,244,245,247,248,250,251,251,251,253,253,255,256,258,258,258,260,260,261,262,262,262,262,264,264,266,266,268,269,269,269,269,269,270,271,271,271,272,274,275,275,277,277,277,278,279,281,284,286,289,290,290,290,296,298,302,303,310,313,315,323,332,335,344,355,358,366,385,396,413,426,437,437,445,471,495,521,537,544,553,570,593,611,627,644,668,671,679,714,727,741,755,783,784,795,825,827,849,857,863,863,869,891,906,931,947,958,962,967
15084,Burgenlandkreis (Landkreis),178846,0,0,0,0,0,0,1,1,1,2,2,4,6,8,12,14,15,15,15,19,21,27,27,27,27,27,34,37,38,38,50,51,52,54,54,61,64,64,66,66,66,69,69,72,73,75,75,77,80,82,87,87,87,88,88,88,89,90,91,91,91,91,92,94,97,98,98,98,98,98,100,106,107,107,107,107,111,112,112,114,114,114,114,114,114,114,115,116,116,116,116,116,116,118,118,118,118,118,118,118,119,119,119,119,119,119,119,119,119,119,119,119,119,121,122,122,122,123,123,123,125,125,125,125,127,127,129,130,130,130,130,130,130,130,130,130,130,130,130,130,130,130,130,130,130,130,130,130,130,131,131,131,131,131,131,131,133,133,133,135,136,136,136,136,136,136,137,137,138,138,140,140,140,141,143,144,144,147,147,147,149,149,149,150,150,150,150,151,155,155,155,158,158,158,159,160,160,161,161,161,173,175,177,186,188,189,189,189,192,195,202,210,211,211,211,216,227,228,233,236,236,236,247,257,262,271,288,288,288,317,333,346,365,375,375,402,407,433,461,488,509,509,509,559,594,619,651,693,693,693,750,786,834,863,904,904,904,948,962,1011,1046,1088,1133,1149,1168,1203,1246,1315,1392,1439,1460,1510,1620,1692,1796,1868,1958,1982,2028,2132
08235,Calw (Landkreis),159201,0,0,1,1,1,3,6,7,12,15,34,43,43,58,77,92,113,132,150,159,183,211,231,265,284,304,315,340,355,386,417,432,444,449,464,471,497,497,539,539,544,551,570,575,618,627,633,636,646,659,677,687,691,692,692,704,698,707,709,711,711,711,721,724,733,748,748,748,748,753,755,755,756,756,756,756,756,756,756,756,756,756,756,765,766,771,776,776,776,776,774,774,778,778,778,778,778,779,779,779,780,780,780,780,780,780,780,782,782,782,782,783,783,783,783,783,783,783,786,786,786,786,786,786,786,786,786,788,791,791,791,791,793,793,795,795,795,795,795,795,795,797,798,798,798,798,799,799,800,800,800,800,800,801,801,802,802,802,802,802,804,804,808,811,811,811,811,815,815,828,829,829,829,829,841,842,842,842,842,842,847,851,859,871,879,879,879,891,892,895,901,903,903,903,906,906,910,910,914,914,914,915,916,919,924,930,930,930,941,945,954,960,967,967,967,985,995,1003,1013,1016,1016,1016,1031,1041,1054,1065,1090,1090,1090,1108,1122,1142,1171,1212,1212,1212,1246,1280,1312,1347,1380,1380,1380,1419,1438,1477,1525,1570,1570,1618,1656,1687,1730,1775,1806,1815,1842,1869,1890,1942,1992,2026,2057,2057,2104,2118,2158,2210,2259,2301,2301,2358,2410,2480,2545,2610,2663,2675,2737,2760
03351,Celle (Landkreis),179011,0,3,3,3,3,3,4,5,6,6,8,8,12,15,21,27,36,36,36,44,50,55,61,69,70,72,89,98,102,106,110,110,110,116,119,124,129,129,134,134,140,144,145,152,153,153,153,155,156,158,161,164,164,164,172,176,184,187,187,187,187,188,188,192,192,192,192,192,193,194,195,195,199,199,199,199,199,199,199,199,199,199,201,201,207,209,210,210,210,210,213,213,209,209,209,212,215,216,217,218,220,220,221,220,219,220,220,220,220,220,220,220,220,220,220,220,220,220,220,220,220,220,220,220,220,220,220,220,220,220,220,220,220,220,220,220,220,220,220,221,221,221,221,221,221,221,221,221,221,224,226,226,226,226,226,226,227,227,228,230,230,230,230,230,230,230,232,232,232,232,232,232,232,236,238,238,238,239,239,239,240,242,246,246,257,260,260,266,266,267,271,273,275,276,277,277,279,280,285,286,289,290,290,290,290,294,294,294,295,297,300,305,307,318,318,323,328,330,336,340,340,347,351,356,374,389,409,418,431,439,442,454,456,470,488,501,501,515,526,548,566,591,609,610,620,641,659,688,722,746,746,768,791,812,832,865,893,893,909,922,951,996,1017,1017,1029,1053,1070,1092,1116,1151,1183,1183,1189,1199,1228,1254,1266,1274,1284,1309
09372,Cham (Landkreis),127998,0,0,0,2,5,8,8,11,17,19,20,21,21,23,29,31,40,47,68,73,75,95,103,120,141,141,165,185,192,236,243,261,267,292,307,321,340,340,343,343,343,351,359,359,361,366,376,376,376,377,381,387,387,387,393,396,405,408,408,408,408,410,411,414,414,414,414,414,416,417,417,418,418,418,418,419,420,423,423,423,423,423,426,426,428,429,429,429,429,429,429,430,430,430,430,430,430,430,430,430,430,430,430,430,430,430,430,430,430,430,430,430,430,430,431,431,431,431,431,431,431,431,431,431,431,431,431,431,431,431,431,431,431,431,431,431,431,431,431,431,431,431,431,431,431,431,431,431,432,432,432,432,432,432,432,433,433,433,433,435,435,437,437,437,437,437,437,446,446,447,451,451,451,454,454,460,460,464,468,468,468,469,469,469,469,473,473,476,476,477,477,482,484,484,489,491,497,497,497,497,500,500,503,507,507,509,509,509,509,509,510,511,519,519,519,523,523,526,534,552,552,553,570,576,578,594,603,607,622,637,647,653,678,688,705,722,731,773,777,810,839,855,909,922,922,963,996,1033,1087,1124,1143,1176,1199,1240,1273,1318,1345,1375,1382,1401,1444,1475,1507,1528,1552,1564,1592,1617,1663,1703,1731,1746,1753,1762,1789,1802,1824,1837,1856,1870
14511,Chemnitz (Kreisfreie Stadt),246334,0,0,0,0,0,0,3,3,3,3,10,12,12,16,18,27,35,42,51,55,59,61,71,74,87,96,104,114,117,133,134,143,147,148,151,156,166,167,171,171,178,182,185,186,189,190,192,192,192,193,194,195,196,196,196,196,196,197,197,198,198,198,198,198,199,199,199,199,199,199,200,201,201,201,202,202,202,202,202,202,202,202,203,204,204,204,204,204,204,204,204,204,204,206,206,206,207,207,207,207,207,207,207,207,207,208,209,210,210,210,210,211,211,211,211,211,211,211,211,211,211,211,211,211,211,211,211,211,211,211,211,211,211,212,212,214,214,214,214,214,214,214,216,216,216,217,217,222,222,225,226,226,227,227,229,232,232,232,232,235,236,236,236,237,237,237,239,239,240,241,241,241,241,241,242,245,246,248,253,253,254,254,258,259,260,260,260,261,264,267,268,270,270,270,274,275,280,284,287,287,287,293,293,299,309,316,316,316,324,326,336,338,340,340,340,346,355,361,376,381,381,381,402,415,434,452,479,479,479,540,551,571,592,620,620,620,697,789,829,901,954,954,954,1091,1131,1193,1295,1433,1433,1433,1575,1625,1660,1681,1695,1697,1780,1905,1936,2045,2139,2212,2265,2319,2453,2529,2613,2709,2849,2849,2849,3118,3208,3265,3362,3490,3708,3884,3933,4044
03453,Cloppenburg (Landkreis),170682,0,0,0,0,0,0,0,0,1,1,2,2,2,2,2,3,9,11,13,14,14,18,24,24,31,31,39,38,38,38,46,50,56,57,58,60,65,76,86,88,88,89,89,93,94,94,94,94,96,96,97,97,97,99,101,101,101,102,102,102,103,103,104,105,105,106,107,107,107,108,108,108,108,108,108,108,109,114,113,113,113,113,113,113,114,116,116,116,116,118,118,118,118,118,118,118,119,120,120,120,120,120,120,120,120,120,120,120,120,120,120,120,123,124,126,126,126,126,126,126,126,126,126,126,127,128,125,125,125,125,125,125,125,125,125,125,125,131,130,130,136,138,141,141,141,147,154,154,157,163,163,163,175,176,183,185,185,199,199,203,214,217,226,232,232,232,242,246,253,255,258,258,269,261,272,272,278,282,293,293,290,293,297,298,301,301,301,305,307,309,313,325,325,325,356,373,389,404,434,434,452,461,475,490,507,536,541,558,568,596,612,642,656,669,681,688,707,768,814,855,883,904,923,941,975,1017,1080,1143,1227,1237,1270,1326,1391,1517,1571,1673,1709,1747,1809,1864,1978,2059,2131,2205,2278,2385,2482,2564,2641,2698,2744,2761,2811,2923,2992,3061,3119,3137,3177,3230,3425,3492,3532,3615,3627,3665,3745,3858,3924,3979,4020,4022,4058,4128,4207,4236,4292,4310,4318,4351
09463,Coburg (Kreisfreie Stadt),41072,0,0,0,0,0,0,0,0,0,0,0,1,2,2,3,3,6,8,10,10,10,14,15,17,20,23,23,24,25,26,29,31,32,32,36,38,40,44,44,44,44,46,47,50,54,54,54,55,55,56,57,58,58,58,58,58,60,62,63,64,65,65,66,66,66,68,67,67,68,67,68,69,68,68,69,72,76,76,76,79,79,81,82,85,87,87,89,89,89,93,91,91,94,94,93,94,98,99,99,99,100,102,103,103,104,105,106,106,106,106,108,108,112,112,113,113,115,116,117,117,117,117,117,117,117,117,117,117,117,117,117,117,118,118,118,119,119,119,120,120,120,120,120,120,120,120,120,122,123,123,123,123,123,124,124,124,124,124,124,125,125,125,125,125,125,125,126,126,130,130,131,131,131,131,131,132,132,132,132,132,132,133,133,133,135,135,136,136,136,136,136,136,136,136,138,139,140,142,142,144,144,144,145,145,146,146,146,146,146,146,147,147,148,148,148,149,150,151,150,150,150,150,151,151,152,153,154,156,156,158,160,171,172,175,175,184,186,188,192,203,207,211,217,220,223,228,232,247,258,261,263,265,275,279,284,291,295,299,300,325,329,339,354,358,364,375,387,392,406,415,415,428,436,455,476,482,490,511,515,528
09473,Coburg (Landkreis),86747,0,0,0,0,0,0,0,0,1,1,3,3,6,6,10,13,19,22,22,23,27,33,36,38,46,50,51,54,62,67,73,79,84,85,88,103,110,119,128,128,128,141,146,147,150,150,153,153,157,158,168,173,173,181,182,182,185,187,189,189,190,198,201,202,192,192,205,211,209,218,227,245,249,249,258,272,279,279,279,283,283,286,293,307,309,311,319,319,319,336,327,328,335,337,342,344,350,352,355,355,356,379,379,379,381,359,361,362,362,362,365,367,367,367,369,369,374,371,372,373,373,373,373,373,374,377,379,379,379,379,379,381,391,391,392,397,397,397,397,398,396,398,398,398,398,399,401,403,403,403,403,403,403,404,404,405,405,405,405,405,408,408,410,410,410,410,413,418,423,424,424,424,424,425,425,424,424,424,424,424,424,425,425,428,428,428,428,429,429,430,430,430,430,430,432,433,433,434,437,437,437,438,438,438,440,441,441,441,442,442,443,443,445,445,446,447,448,449,452,453,455,455,454,457,458,462,464,464,464,465,469,488,502,509,509,520,524,531,544,560,577,590,600,609,618,630,644,671,708,720,738,748,778,788,801,814,826,842,853,892,911,934,968,990,1006,1039,1069,1117,1166,1181,1181,1248,1273,1328,1366,1389,1424,1459,1477,1497
07135,Cochem-Zell (Landkreis),61375,0,0,0,0,0,0,0,0,0,5,5,6,19,25,35,38,43,45,45,59,62,73,80,87,99,100,100,108,112,115,117,117,117,119,122,122,122,122,122,122,122,122,123,123,125,125,125,125,127,127,127,127,127,127,127,127,128,128,128,128,128,128,128,128,128,128,128,128,128,129,129,129,129,129,129,129,129,129,129,129,129,129,129,129,130,130,130,130,130,130,130,131,132,132,132,132,132,134,135,135,135,135,135,135,135,135,135,136,136,136,137,137,137,138,138,138,138,138,138,138,138,139,139,139,139,139,139,139,139,139,139,139,139,139,139,139,139,139,139,139,139,139,139,139,139,139,139,139,139,139,139,139,139,139,139,139,140,140,140,142,142,144,144,144,144,144,144,146,146,146,146,146,146,147,147,147,149,153,153,153,153,153,153,153,153,153,153,154,154,154,160,160,160,160,160,160,164,167,167,168,168,168,169,169,169,169,169,169,169,170,170,172,172,174,174,174,174,174,175,175,175,175,179,181,183,189,196,203,203,206,212,232,246,257,266,274,277,280,285,296,309,318,326,336,339,360,377,388,394,400,413,419,445,466,491,497,509,537,542,557,575,581,587,592,611,623,640,650,662,670,678,683,689,703,715,729,734,745,750,762
05558,Coesfeld (Kreis),220586,1,13,13,16,16,21,21,22,30,39,47,50,53,70,85,93,127,152,152,166,182,207,232,264,293,303,310,334,358,372,377,394,399,409,417,431,439,451,451,454,458,458,462,464,473,476,480,485,486,490,490,491,494,494,500,504,505,515,518,528,530,581,590,624,676,704,745,780,805,814,821,823,834,835,836,836,836,842,846,856,859,858,860,860,862,862,863,863,863,863,863,863,863,863,863,863,865,865,866,866,867,867,867,869,869,870,871,871,871,871,871,871,871,871,871,871,871,871,872,876,878,879,879,879,883,883,884,885,881,881,881,881,881,881,882,882,882,882,882,882,882,882,882,883,883,883,888,889,890,890,890,890,891,891,891,891,891,892,892,896,897,898,900,901,901,901,902,902,903,904,904,905,905,908,909,909,910,911,912,912,912,915,915,917,917,917,917,917,921,923,923,924,925,925,928,931,931,932,935,935,935,938,941,945,945,947,950,950,955,956,962,973,981,985,985,1007,1013,1031,1043,1051,1051,1051,1068,1080,1090,1101,1112,1112,1112,1151,1163,1178,1204,1234,1236,1236,1273,1287,1303,1341,1392,1394,1394,1463,1488,1524,1563,1583,1583,1583,1638,1652,1670,1696,1718,1721,1721,1777,1802,1819,1844,1872,1872,1886,1937,1972,2000,2045,2061,2061,2061,2096,2122,2172,2207,2220,2220,2220,2267,2287
12052,Cottbus (Kreisfreie Stadt),99678,0,0,0,0,0,0,3,3,3,8,13,15,16,17,20,20,20,22,24,27,28,28,29,29,30,31,31,31,32,34,34,34,34,34,34,34,35,35,35,39,39,39,39,39,39,39,39,39,39,39,39,39,39,39,39,39,39,39,39,39,39,39,39,39,39,39,39,39,39,39,39,39,39,39,39,39,39,39,39,39,39,39,39,39,39,39,39,39,39,39,39,39,39,39,39,39,39,39,39,39,39,39,39,39,39,39,39,39,39,39,39,39,39,39,39,39,39,39,39,39,39,39,39,39,39,39,39,39,39,39,39,39,39,39,39,39,39,39,39,39,43,43,43,43,43,43,43,43,43,43,43,43,43,43,43,43,43,43,43,43,43,43,43,44,44,44,44,45,45,45,45,45,45,45,45,45,45,45,45,45,45,45,45,45,45,45,45,45,45,45,46,47,47,47,47,48,48,48,48,48,48,48,48,49,50,50,50,50,51,52,52,54,55,55,57,61,67,71,73,81,87,94,101,104,115,139,156,176,186,190,200,213,233,244,264,272,282,285,312,340,359,386,399,403,424,472,502,536,556,593,602,611,632,659,708,751,762,775,800,845,875,924,946,985,992,1011,1053,1090,1128,1170,1186,1196,1215,1254,1308,1329,1382,1413,1428,1453
03352,Cuxhaven (Landkreis),198038,1,1,2,2,2,3,3,3,4,5,5,5,5,13,22,28,28,32,34,38,39,39,46,49,53,53,54,55,56,59,60,63,63,65,65,70,72,74,75,76,77,78,79,79,79,79,81,82,83,85,88,92,97,98,98,101,105,107,111,116,117,117,119,134,143,158,160,160,160,163,169,172,175,188,188,188,188,191,191,193,196,196,196,196,198,224,243,246,246,246,248,259,275,296,297,297,312,313,336,339,348,352,352,355,355,358,362,363,363,363,366,364,366,367,368,368,368,369,369,370,371,374,374,374,375,375,376,376,376,376,376,376,376,376,376,376,376,376,376,376,376,376,376,376,376,376,376,376,376,376,376,376,376,377,377,377,378,378,378,380,380,381,381,381,381,381,381,385,385,387,389,389,389,395,396,397,402,406,406,406,409,411,412,414,419,419,419,418,418,418,420,420,420,420,421,421,421,422,423,424,426,429,432,434,437,438,438,438,438,439,439,442,442,442,442,443,443,443,444,452,452,452,462,467,475,479,482,482,482,495,496,511,518,538,538,538,580,582,623,651,682,682,682,717,736,765,806,833,833,833,897,907,945,985,1030,1030,1030,1081,1101,1122,1148,1165,1165,1165,1202,1210,1221,1238,1263,1263,1263,1286,1288,1300,1326,1344,1344,1344,1379,1380
09174,Dachau (Landkreis),154899,0,0,0,0,3,3,3,5,6,7,10,10,18,18,35,55,63,63,105,111,128,174,220,249,249,290,294,336,373,378,457,457,500,514,555,587,606,667,681,682,684,697,722,734,771,775,789,794,803,814,821,835,849,849,855,856,859,867,879,883,883,883,886,887,887,895,897,900,902,901,901,901,910,910,911,911,912,915,915,915,915,915,915,917,917,917,918,917,917,917,917,918,918,918,918,918,918,918,918,920,920,920,921,921,921,921,920,921,922,924,925,926,928,928,929,930,930,930,931,931,931,932,933,935,935,936,938,939,939,939,939,940,946,947,949,949,950,951,956,958,961,963,969,971,972,972,973,973,975,976,976,980,981,982,985,986,987,987,990,991,996,1001,1009,1018,1019,1024,1028,1030,1030,1045,1056,1058,1065,1072,1074,1080,1087,1091,1115,1116,1117,1122,1134,1142,1144,1146,1149,1155,1156,1163,1165,1169,1173,1174,1181,1187,1197,1201,1210,1214,1214,1216,1221,1223,1235,1238,1239,1240,1244,1245,1245,1246,1253,1257,1262,1267,1280,1286,1293,1307,1308,1311,1334,1349,1356,1362,1397,1402,1416,1431,1448,1473,1489,1526,1542,1562,1582,1595,1620,1651,1688,1700,1760,1814,1892,1949,2005,2057,2083,2162,2218,2272,2324,2380,2451,2480,2527,2569,2596,2657,2735,2801,2841,2881,2932,2976,3032,3086,3139,3176,3212,3275,3318,3376,3437,3501,3528,3579,3633,3692
12061,Dahme-Spreewald (Landkreis),170791,0,0,0,0,0,0,0,0,1,1,1,3,6,6,16,18,21,25,25,27,31,34,41,59,60,70,70,81,99,102,113,115,117,122,124,128,137,139,142,143,145,145,149,150,156,159,159,161,161,162,163,166,174,181,185,186,201,204,210,211,212,212,212,237,238,238,238,239,240,240,240,240,240,240,240,241,242,242,242,243,243,243,244,244,246,246,247,250,250,251,251,251,253,253,253,253,253,253,253,253,253,253,253,253,255,255,255,255,255,255,255,256,256,258,258,258,259,259,261,259,261,263,268,270,267,267,267,267,267,267,267,268,268,268,269,269,269,269,269,269,270,271,272,272,272,272,274,274,274,274,274,274,274,277,277,277,277,277,277,277,278,279,281,281,281,281,281,282,283,283,284,285,285,286,291,292,293,293,295,295,296,296,296,296,300,300,300,301,303,305,306,306,306,306,309,309,309,310,311,311,311,311,314,314,315,323,323,323,325,326,330,334,338,338,338,339,349,352,355,361,361,361,376,383,394,407,417,425,430,433,433,454,464,481,502,509,514,532,549,569,607,628,661,675,703,737,771,799,830,840,849,869,899,928,969,983,1010,1021,1052,1077,1099,1137,1160,1174,1185,1206,1225,1276,1304,1341,1357,1362,1389,1421,1454,1498,1520,1536,1563,1597
06411,Darmstadt (Kreisfreie Stadt),159878,0,0,0,0,0,0,0,0,0,0,2,6,6,11,11,16,21,23,26,27,27,33,38,48,58,59,62,70,72,79,83,87,92,93,96,99,103,108,114,116,117,118,119,123,131,134,137,159,160,164,179,182,182,186,185,190,197,198,201,201,201,203,203,205,210,210,210,213,213,213,214,215,215,219,221,221,221,220,222,222,222,222,222,222,222,222,222,222,222,222,222,222,222,222,222,222,232,232,223,223,223,223,223,223,223,223,223,223,223,223,223,224,226,226,227,228,228,228,228,228,228,228,229,229,229,229,230,230,232,232,235,235,238,238,244,244,245,245,245,246,247,251,264,268,268,268,271,272,276,278,282,283,284,284,284,284,290,290,290,291,291,291,295,295,311,311,315,315,320,321,330,333,333,336,336,341,342,343,346,347,347,348,358,359,359,363,364,365,373,373,377,379,380,383,384,386,386,391,391,394,395,395,398,406,410,423,430,430,430,436,436,440,440,450,461,464,466,474,474,492,506,516,525,528,545,559,569,593,593,593,639,657,702,742,784,806,848,867,867,923,955,1011,1076,1116,1136,1163,1191,1246,1268,1303,1321,1388,1398,1441,1552,1597,1597,1651,1675,1727,1771,1794,1813,1832,1857,1904,1927,1977,2014,2035,2077,2081,2090,2118,2155,2189,2238,2269,2275,2292
06432,Darmstadt-Dieburg (Landkreis),297844,0,0,0,0,0,0,1,1,1,4,5,6,10,14,18,26,62,63,73,73,82,99,114,128,148,157,161,177,195,207,215,223,231,237,241,251,268,285,290,294,297,298,307,315,324,328,336,337,337,343,345,349,360,350,354,361,357,358,362,362,364,364,365,367,367,367,369,371,371,371,377,382,384,388,390,390,390,397,399,405,405,407,407,410,412,413,415,415,419,419,419,419,421,422,424,425,425,425,425,425,426,426,426,426,427,427,427,427,427,427,427,430,429,430,433,433,433,433,434,434,434,434,435,435,435,437,437,437,438,438,439,439,439,441,441,441,441,441,441,441,442,443,449,451,451,451,454,456,463,466,466,466,467,468,469,469,476,481,486,488,488,491,493,502,509,509,512,525,528,532,544,547,559,561,557,571,578,585,597,600,603,606,613,622,622,634,644,648,641,645,648,650,656,658,661,662,663,668,668,681,686,686,687,693,695,706,712,712,712,718,723,728,728,745,747,752,753,764,764,788,800,810,818,820,836,861,876,893,893,893,980,1018,1073,1119,1187,1239,1281,1316,1380,1456,1519,1629,1725,1777,1817,1852,1910,2012,2115,2226,2278,2337,2392,2452,2534,2609,2661,2727,2750,2800,2893,2956,3009,3066,3108,3129,3170,3264,3340,3423,3483,3498,3534,3580,3662,3718,3808,3891,3909,3939
09271,Deggendorf (Landkreis),119478,0,0,0,0,0,0,1,1,1,1,6,10,10,21,22,27,35,45,52,59,61,76,90,100,111,113,116,122,131,137,145,151,154,157,166,171,177,187,190,196,197,201,209,212,215,227,230,231,239,242,247,251,252,255,259,263,266,269,269,269,269,275,276,281,282,283,283,283,284,288,292,295,301,301,304,304,307,307,310,312,312,312,317,317,319,321,323,323,323,323,324,324,325,326,327,327,327,327,328,328,328,328,328,328,328,328,328,328,328,328,328,328,328,328,328,328,328,328,328,329,330,330,330,330,330,330,330,330,331,331,331,331,331,331,333,333,334,334,337,337,339,339,340,340,340,340,340,340,340,340,340,340,340,340,340,341,342,342,342,343,344,345,348,352,352,352,357,359,359,359,377,379,379,383,385,386,387,390,395,395,400,400,403,406,407,408,408,414,414,416,421,422,422,422,428,432,437,442,442,446,446,450,452,455,457,459,459,459,462,462,462,464,465,475,475,477,480,485,489,501,505,505,516,517,544,547,551,558,558,570,572,580,596,627,635,644,649,695,706,728,752,761,781,792,803,826,885,898,939,975,994,1003,1016,1044,1071,1101,1129,1145,1150,1165,1202,1217,1228,1252,1279,1290,1313,1366,1401,1429,1467,1481,1486,1504,1533,1594,1605,1642,1711,1711
03401,Delmenhorst (Kreisfreie Stadt),77559,0,1,1,1,1,1,1,1,1,5,5,5,5,5,5,8,8,8,8,8,12,13,16,17,17,17,20,22,24,24,25,26,26,26,26,27,29,29,29,31,31,31,32,33,34,34,37,37,38,40,41,41,43,44,45,45,45,45,46,46,46,46,48,48,48,50,51,51,51,51,52,53,53,53,53,59,60,60,60,61,61,61,61,61,64,65,68,68,68,68,74,74,80,81,81,81,83,83,84,84,84,84,84,84,84,86,86,86,86,86,86,87,92,96,105,105,105,112,112,114,114,114,114,114,114,116,121,122,123,123,123,123,123,123,123,123,123,124,124,126,126,126,126,126,126,126,126,126,126,126,126,126,127,127,128,128,128,128,128,128,128,131,131,133,133,133,136,137,139,142,142,142,142,145,145,147,147,148,148,148,150,152,156,156,156,156,156,160,161,166,170,170,170,170,174,175,176,176,177,177,177,177,177,178,178,178,178,178,180,183,188,194,195,195,198,210,215,229,247,268,291,306,310,319,360,382,411,452,468,475,495,528,576,600,633,647,648,668,689,726,753,787,798,801,817,862,862,889,902,929,945,948,960,993,1027,1039,1051,1054,1060,1066,1086,1128,1141,1167,1167,1178,1187,1210,1226,1243,1249,1249,1266,1282,1329,1358,1380,1392,1392,1405
15001,Dessau-Roßlau (Kreisfreie Stadt),80103,0,0,0,0,0,0,0,0,0,1,1,1,2,3,4,5,9,10,11,12,15,16,20,20,20,20,20,20,20,23,29,33,35,35,41,41,47,47,47,50,53,53,54,56,58,58,60,62,62,62,62,62,62,64,64,65,65,66,66,66,66,66,66,66,66,66,66,66,66,66,66,66,66,66,66,66,66,66,66,67,67,67,67,67,67,67,67,67,67,67,67,67,67,67,67,67,67,67,67,67,67,67,67,67,67,67,67,67,67,67,67,67,67,67,67,67,67,67,67,67,67,67,67,67,67,67,67,67,67,67,67,67,67,67,67,67,67,67,67,67,67,67,67,67,67,67,67,67,67,67,67,67,67,67,69,69,70,70,70,70,70,71,73,74,74,74,74,74,74,75,77,77,77,77,78,79,79,79,79,79,80,81,81,82,82,82,82,82,83,83,85,85,85,87,89,92,92,98,98,98,98,99,101,103,103,105,109,109,110,114,115,117,119,119,119,120,120,126,129,136,136,136,137,140,143,143,145,145,146,147,148,149,149,150,150,150,153,155,159,160,162,162,162,165,170,175,191,198,198,198,200,201,203,205,211,211,211,213,221,228,233,245,245,258,260,288,298,321,349,349,364,369,396,411,437,474,474,487,490,512
03251,Diepholz (Landkreis),217089,0,0,0,0,0,0,0,0,3,11,21,21,25,35,37,47,63,75,75,90,100,102,111,117,126,126,138,154,166,184,204,211,221,222,233,247,255,255,264,264,274,279,287,291,295,299,299,310,316,317,323,331,334,334,338,339,341,344,344,349,349,352,354,357,358,361,361,361,362,363,364,364,365,365,366,366,367,369,369,370,371,371,372,373,373,373,376,376,377,377,378,381,381,381,381,381,383,384,385,385,386,386,386,393,393,394,394,394,394,394,395,396,406,404,404,404,404,406,407,408,411,411,411,411,418,418,419,420,420,420,420,425,427,429,441,446,446,457,475,477,481,481,493,493,493,496,496,497,499,500,500,500,507,511,514,519,522,522,522,523,526,531,533,534,534,534,539,546,549,550,551,551,551,555,557,557,560,564,564,564,573,575,578,580,580,582,582,585,586,588,589,592,592,592,597,600,603,616,621,621,621,625,626,627,631,638,638,638,649,654,658,669,679,679,679,688,690,695,702,705,705,705,717,726,740,760,774,774,774,810,829,865,884,910,910,910,955,987,1045,1093,1138,1206,1206,1245,1288,1353,1398,1442,1442,1496,1537,1573,1633,1699,1775,1777,1836,1842,1885,1940,2014,2054,2087,2116,2136,2165,2225,2257,2292,2327,2337,2355,2383,2421,2452,2481,2513,2513,2528,2558
09773,Dillingen a.d. Donau (Landkreis),96562,0,0,0,0,0,0,0,0,0,0,0,0,0,0,1,1,6,8,8,17,17,17,26,29,33,38,48,52,52,62,78,80,90,90,90,96,99,109,109,137,159,162,166,174,196,196,196,200,201,210,222,227,233,233,233,233,255,255,255,255,255,255,255,255,252,254,254,254,262,262,265,265,265,265,265,265,265,265,265,265,265,266,266,266,266,266,266,266,266,276,276,276,276,276,276,276,276,276,276,276,276,276,276,276,276,276,276,276,276,276,276,276,276,276,276,276,276,276,278,278,278,278,278,278,279,279,279,279,279,279,279,279,279,279,279,279,279,279,279,279,279,279,279,279,279,279,279,279,279,279,279,279,279,279,279,280,282,282,282,282,285,285,290,290,290,290,291,290,295,295,302,304,304,304,308,312,319,333,333,333,333,333,337,339,345,345,345,357,357,359,372,372,372,372,373,376,377,381,381,381,381,381,387,387,387,387,387,387,393,393,393,394,394,394,394,398,399,400,401,401,401,401,408,411,412,419,427,427,435,436,441,445,454,466,470,487,505,516,516,539,569,587,614,636,653,658,705,728,765,792,805,820,841,886,938,962,976,993,1012,1018,1055,1087,1108,1129,1146,1153,1208,1229,1244,1283,1308,1328,1335,1348,1391,1404,1429,1453,1468,1477
09279,Dingolfing-Landau (Landkreis),96683,0,0,0,0,1,1,1,3,5,7,8,13,13,14,17,18,22,31,35,40,41,53,61,75,77,89,94,96,98,98,112,126,126,138,141,144,152,152,152,153,157,166,167,169,173,173,175,179,180,183,183,186,186,189,190,190,190,191,191,195,195,196,196,196,197,199,199,200,200,201,201,203,203,203,203,206,206,206,206,206,206,206,206,205,207,208,210,210,210,212,212,212,213,213,213,213,216,216,216,216,217,217,218,218,218,220,220,220,220,220,220,220,221,222,225,225,225,225,229,239,244,245,247,247,251,252,252,253,257,258,258,261,262,269,271,272,273,273,276,276,281,287,293,295,462,462,466,469,472,526,526,569,585,693,712,712,716,716,716,779,783,803,803,804,804,804,829,831,831,832,832,842,842,848,849,849,852,852,854,854,857,857,860,861,862,866,866,866,868,868,870,870,873,873,878,880,881,888,894,900,906,908,913,952,953,964,964,964,970,971,972,982,983,983,983,992,1001,1004,1008,1011,1012,1015,1018,1019,1030,1033,1036,1040,1045,1052,1055,1070,1073,1089,1103,1108,1120,1129,1143,1170,1180,1187,1199,1213,1226,1244,1260,1296,1307,1314,1341,1368,1374,1410,1441,1464,1494,1529,1544,1552,1576,1592,1609,1615,1627,1654,1662,1694,1717,1747,1762,1777,1791,1803,1840,1869,1876,1902,1937,1962
01051,Dithmarschen (Kreis),133193,0,1,1,1,1,1,1,1,1,1,1,6,6,6,10,11,11,12,12,15,15,16,19,20,24,24,28,27,28,33,35,37,37,42,46,49,50,51,51,52,53,54,54,54,54,54,54,54,54,54,54,54,54,54,54,54,54,54,54,54,54,55,59,59,59,59,59,59,60,59,59,59,59,59,59,59,59,59,59,59,59,59,59,59,59,59,59,59,59,59,59,59,59,59,60,61,61,61,61,62,63,63,63,63,64,64,70,70,70,71,71,71,72,72,72,72,72,73,74,76,76,76,76,76,76,76,77,77,77,77,77,77,77,77,77,77,77,77,77,77,78,81,82,85,89,108,110,123,123,123,127,127,129,129,130,132,132,134,135,137,139,140,140,141,141,144,148,148,148,148,148,148,148,150,150,151,151,151,151,151,152,152,152,155,156,157,158,159,167,168,170,169,173,174,176,175,176,176,176,178,179,190,193,197,199,205,210,211,212,212,212,216,216,225,226,233,242,242,249,250,251,252,254,257,263,275,283,291,296,298,306,316,330,346,351,350,352,366,369,388,396,405,408,413,417,423,439,450,456,457,465,466,481,488,497,505,507,513,523,534,546,552,556,563,566,570,586,592,602,605,608,611,618,627,642,651,657,669,687,699
09779,Donau-Ries (Landkreis),133783,0,0,0,2,2,3,3,3,6,6,6,6,10,10,10,16,20,20,20,33,33,47,58,67,67,76,90,93,95,118,173,173,191,216,235,252,253,253,258,258,259,259,275,275,277,283,289,291,297,305,315,318,318,325,326,331,331,331,331,335,335,336,335,336,337,338,338,338,339,340,342,342,342,342,342,344,345,345,345,345,345,345,348,350,351,351,351,351,351,351,353,353,353,353,353,353,353,353,353,353,353,353,353,353,353,353,353,353,353,353,353,353,353,354,354,354,354,354,356,356,356,356,357,357,357,357,357,358,358,358,358,359,359,361,365,365,365,365,364,364,369,372,372,372,372,372,372,372,373,373,373,373,373,373,375,377,378,378,378,378,378,382,382,383,383,383,389,389,389,393,395,395,395,395,401,401,401,402,402,402,402,403,406,409,409,414,414,430,430,440,441,442,443,443,445,446,448,450,456,456,456,463,465,471,474,478,479,479,489,491,496,500,504,504,504,504,506,508,515,521,523,523,532,533,536,539,549,553,553,553,603,637,672,679,692,707,721,752,783,820,863,876,905,995,1020,1066,1102,1143,1157,1185,1246,1283,1326,1383,1430,1430,1468,1497,1514,1569,1599,1644,1644,1662,1709,1724,1760,1787,1810,1810,1844,1857,1878,1907,1946,1969,1971,2003,2033,2044
07333,Donnersbergkreis (Landkreis),75325,0,0,0,0,0,0,0,0,1,2,2,2,7,11,12,13,24,28,29,31,35,47,50,52,53,58,58,62,64,67,68,70,71,73,75,78,83,87,94,96,97,98,98,101,105,108,108,108,111,112,112,114,114,114,114,116,117,118,119,119,119,119,119,119,119,125,125,126,126,127,130,131,132,132,132,132,132,133,133,133,133,133,135,135,135,135,135,135,135,135,136,135,136,136,136,136,137,137,137,137,137,137,137,137,137,137,137,137,137,137,137,137,137,137,137,137,137,137,137,137,137,138,138,138,138,138,138,138,138,138,138,138,138,138,138,138,138,138,138,138,138,138,138,138,138,138,138,138,138,138,138,138,138,138,138,139,139,139,139,140,140,141,141,149,149,149,151,151,152,152,152,152,152,152,153,154,154,156,156,156,156,156,157,158,158,158,158,161,162,164,166,166,169,169,169,170,172,175,177,177,182,183,183,183,183,183,183,183,184,184,184,184,185,185,185,185,185,185,185,186,193,193,194,201,203,206,210,210,210,211,212,217,222,231,231,241,243,244,254,259,281,294,298,301,302,320,328,344,373,395,396,404,412,428,441,470,499,508,513,536,559,584,596,624,631,643,660,675,695,695,721,724,729,739,755,764,771,779,787,795
05913,Dortmund (Kreisfreie Stadt),588250,0,2,2,2,2,2,5,12,14,19,24,33,37,62,76,95,140,153,161,170,183,205,223,238,256,259,285,304,333,360,380,393,414,425,483,497,507,527,538,547,560,572,578,583,591,596,601,611,619,632,633,636,645,665,674,679,687,688,691,692,693,694,700,704,707,707,709,710,710,715,719,720,721,723,723,723,724,727,727,728,728,728,729,729,731,731,731,732,733,737,746,751,756,768,777,783,784,788,799,808,814,822,827,828,840,847,855,869,889,893,894,897,913,928,941,963,965,967,972,982,999,1007,1023,1038,1038,1047,1058,1062,1065,1081,1084,1086,1092,1099,1113,1119,1135,1136,1137,1146,1153,1161,1172,1181,1181,1185,1206,1222,1240,1247,1263,1271,1278,1284,1299,1334,1354,1366,1373,1382,1406,1420,1438,1453,1470,1486,1490,1516,1534,1540,1559,1574,1578,1591,1607,1620,1625,1635,1639,1640,1643,1651,1664,1682,1703,1724,1730,1745,1756,1766,1770,1776,1790,1791,1793,1799,1809,1821,1848,1876,1886,1899,1920,1936,1951,1981,1994,2005,2018,2048,2079,2110,2134,2155,2161,2178,2207,2240,2266,2319,2365,2386,2406,2460,2537,2619,2679,2756,2784,2826,2888,2990,3192,3293,3510,3579,3636,3814,4022,4206,4328,4482,4672,4764,4910,5143,5420,5613,5869,5978,6006,6198,6360,6532,6703,6902,7041,7105,7310,7558,7823,8048,8170,8249,8301,8497,8683,8893,9002,9132,9230,9322,9471,9628,9765,9928,10100,10149,10206,10324
14612,Dresden (Kreisfreie Stadt),556780,0,0,0,0,2,3,4,5,6,11,11,23,23,40,49,60,97,115,123,154,169,216,239,287,314,320,339,358,378,398,407,436,448,455,458,466,476,485,493,491,491,492,497,503,508,516,525,524,526,533,538,541,546,551,554,555,559,561,569,568,569,571,576,579,584,586,591,594,594,594,595,596,603,605,605,606,609,613,613,618,618,618,618,619,620,621,622,622,623,623,623,623,626,623,624,624,624,624,624,624,625,625,625,625,625,625,625,625,625,625,625,627,627,627,627,627,627,627,627,627,627,627,627,627,627,627,627,628,628,628,628,628,629,629,630,630,630,632,632,632,633,633,633,633,633,633,634,634,635,635,635,636,636,637,638,639,641,641,641,641,643,648,649,649,653,653,654,655,656,661,662,666,668,668,671,678,682,684,686,688,690,695,700,706,712,718,718,719,728,732,739,743,752,752,754,759,764,767,771,773,773,775,779,785,792,808,817,818,817,830,837,845,857,879,892,893,907,926,953,1003,1020,1043,1047,1060,1103,1135,1176,1188,1229,1246,1283,1349,1448,1552,1631,1682,1707,1758,1841,1919,2032,2062,2226,2316,2410,2509,2606,2892,3008,3071,3242,3361,3540,3615,3797,3854,3886,4014,4261,4381,4478,4707,4792,4842,5041,5227,5434,5650,5964,6091,6182,6448,6664,6952,7163,7392,7556,7838,8042,8283
05112,Duisburg (Kreisfreie Stadt),498686,3,3,3,3,3,3,3,7,9,10,14,24,30,46,52,75,81,89,133,142,160,174,215,245,266,276,286,317,338,354,379,379,394,440,450,502,525,525,549,549,590,605,621,636,656,656,662,683,707,722,740,751,780,787,801,806,819,841,841,878,896,907,910,925,948,953,953,953,1020,1006,1012,1018,1019,1042,1050,1054,1056,1066,1066,1083,1083,1083,1113,1117,1119,1123,1128,1128,1128,1151,1154,1154,1167,1194,1194,1194,1223,1239,1244,1244,1279,1279,1279,1313,1317,1329,1345,1364,1393,1393,1393,1400,1415,1422,1444,1444,1444,1469,1515,1520,1530,1544,1544,1544,1620,1620,1623,1644,1664,1667,1682,1694,1702,1713,1728,1742,1751,1762,1773,1774,1787,1806,1819,1835,1847,1860,1868,1880,1899,1919,1939,1947,1961,1963,1982,2014,2047,2073,2066,2080,2089,2108,2135,2156,2178,2201,2219,2234,2247,2257,2285,2312,2331,2336,2347,2356,2368,2383,2383,2385,2408,2412,2420,2445,2452,2452,2452,2480,2484,2485,2498,2508,2518,2542,2547,2553,2560,2570,2589,2598,2625,2638,2647,2664,2680,2700,2700,2700,2781,2797,2818,2859,2898,2926,2926,2985,3002,3024,3062,3107,3144,3181,3239,3276,3309,3387,3486,3550,3625,3696,3730,3804,3901,4087,4307,4455,4601,4667,4830,4984,5263,5438,5655,5852,5985,6071,6292,6519,6764,6972,7127,7294,7466,7593,7853,8187,8277,8534,8734,8928,9159,9322,9526,9640,9732,9911,10123,10290,10429,10634,10829,10981,11084,11201,11378,11555,11741,11883,12008,12120
05358,Düren (Kreis),264638,2,4,4,4,4,5,6,7,15,16,23,24,46,54,74,74,111,127,142,150,152,168,190,209,232,243,248,269,282,285,307,341,347,352,366,387,413,437,447,454,462,466,479,499,508,514,521,522,528,533,538,542,546,550,549,551,557,560,564,566,568,570,570,571,574,576,576,577,577,577,574,575,583,583,585,587,589,589,589,589,589,591,591,592,592,592,594,594,596,596,600,600,601,601,601,602,602,603,604,604,604,604,604,605,605,606,606,606,606,606,606,606,607,614,616,616,616,616,617,616,616,617,617,617,618,618,619,619,620,620,620,621,625,627,628,630,630,632,636,642,646,652,665,665,665,667,672,676,687,690,691,710,723,731,744,748,759,759,770,775,782,792,799,808,808,814,817,818,822,824,829,829,832,841,852,860,864,873,873,874,884,888,888,895,896,896,896,898,903,903,905,906,907,909,913,928,933,946,953,953,959,967,974,979,985,989,990,996,1005,1005,1011,1021,1029,1029,1039,1050,1064,1072,1088,1106,1107,1118,1141,1155,1169,1205,1252,1271,1307,1367,1402,1483,1553,1673,1675,1850,1908,1948,2030,2115,2205,2211,2313,2353,2385,2476,2586,2685,2685,2858,2983,3103,3208,3287,3423,3430,3615,3755,3807,3906,4022,4121,4121,4274,4377,4422,4495,4580,4641,4654,4735,4806,4850,4936,5020,5081,5120,5223,5276,5353
05111,Düsseldorf (Kreisfreie Stadt),621877,1,1,3,4,4,4,5,6,16,16,23,54,54,130,159,198,207,207,249,249,270,289,319,342,342,361,412,460,496,543,575,575,595,649,681,719,737,750,760,771,788,806,837,858,877,888,911,927,939,949,959,966,970,980,1003,1017,1029,1050,1060,1074,1089,1089,1113,1147,1156,1163,1177,1177,1199,1204,1229,1251,1259,1269,1278,1283,1292,1314,1324,1339,1341,1376,1384,1394,1411,1420,1430,1440,1444,1448,1448,1456,1466,1479,1488,1488,1496,1522,1524,1531,1538,1538,1552,1559,1570,1599,1614,1634,1650,1655,1672,1683,1721,1737,1769,1769,1769,1796,1813,1854,1889,1912,1923,1936,1938,1953,1961,1964,1969,1969,1973,1976,1979,1983,1998,2005,2007,2014,2019,2027,2036,2044,2053,2065,2071,2077,2082,2108,2120,2146,2161,2174,2178,2194,2210,2210,2244,2265,2281,2287,2295,2306,2324,2365,2376,2400,2419,2423,2450,2468,2494,2522,2534,2555,2567,2585,2615,2636,2652,2662,2674,2681,2699,2707,2726,2743,2759,2770,2781,2793,2804,2825,2849,2858,2869,2883,2901,2925,2944,2967,2985,2999,3014,3031,3052,3075,3103,3132,3167,3176,3195,3221,3248,3295,3316,3348,3359,3398,3430,3571,3571,3610,3713,3713,3749,3795,3901,3994,4077,4140,4200,4276,4385,4552,4686,4985,4985,5143,5273,5496,5670,5890,6080,6292,6465,6603,6844,7018,7174,7284,7481,7593,7732,7909,8079,8279,8441,8582,8667,8810,8999,9178,9308,9415,9502,9546,9638,9787,9907,10046,10113,10247,10296,10410,10524,10622,10736,10801,10904,10932
09175,Ebersberg (Landkreis),143649,1,1,4,7,7,11,13,13,13,19,21,22,27,29,34,39,42,52,52,52,72,88,117,133,150,168,176,192,208,224,242,265,282,284,292,298,310,341,348,350,355,358,360,379,384,391,393,393,399,400,410,420,432,436,435,439,443,456,456,462,462,462,463,464,465,468,468,468,468,473,478,489,492,492,492,496,497,497,497,497,497,499,500,501,501,505,508,510,510,510,510,512,512,514,515,515,515,516,516,516,517,517,517,517,517,517,517,517,517,517,517,517,517,517,517,517,517,517,517,517,518,517,517,517,519,520,520,520,521,521,521,521,523,523,523,523,523,523,525,526,526,528,528,529,529,529,534,534,535,535,535,535,535,536,537,537,539,539,539,539,540,540,540,546,549,549,558,573,578,588,595,600,611,612,614,625,627,636,636,636,636,643,645,654,658,661,661,668,669,671,679,683,687,687,690,695,704,712,717,721,725,725,729,735,737,738,749,749,753,756,764,771,773,777,782,783,787,792,807,837,837,845,848,854,872,889,906,911,919,924,931,963,988,1001,1023,1045,1059,1084,1136,1166,1191,1207,1207,1289,1320,1365,1396,1451,1464,1507,1530,1543,1584,1641,1685,1721,1743,1750,1800,1824,1877,1935,1960,1990,2026,2046,2111,2152,2209,2226,2279,2311,2386,2444,2484,2512,2512,2550,2567,2593
16061,Eichsfeld (Landkreis),100006,0,0,0,0,0,0,0,0,0,0,1,2,3,3,3,4,7,8,16,18,23,31,39,41,45,51,51,52,60,62,66,69,73,73,77,82,84,85,94,94,94,98,102,103,108,111,112,112,112,112,117,117,117,118,119,126,130,132,132,133,134,137,138,138,138,140,140,140,141,141,142,142,142,142,142,143,143,144,144,151,151,151,151,151,152,153,153,154,156,157,156,156,156,157,158,158,157,157,158,158,159,159,159,159,159,159,159,159,159,159,159,159,159,159,159,159,159,159,159,159,160,161,161,161,161,161,162,162,162,162,162,162,162,162,162,162,162,162,162,162,162,162,162,162,162,162,162,162,162,162,162,162,162,162,162,162,162,162,163,163,163,163,163,163,163,163,163,163,163,164,164,164,164,166,166,166,167,168,168,169,170,170,170,170,171,171,171,171,171,171,171,171,171,171,171,171,171,171,171,171,173,173,174,174,175,177,178,178,178,178,178,178,178,178,178,178,178,178,181,205,211,214,214,232,241,256,260,273,278,285,288,301,301,321,329,335,339,342,360,370,381,394,409,417,425,456,487,522,542,564,582,587,603,613,631,648,651,658,666,689,712,735,750,771,774,777,799,823,850,934,938,953,958,994,1036,1067,1082,1111,1111,1114
09176,Eichstätt (Landkreis),132881,0,0,0,0,0,0,0,0,0,1,2,2,2,3,6,6,13,24,24,30,32,38,47,53,53,73,81,93,97,100,112,122,120,134,141,152,160,169,184,188,190,194,194,198,212,222,232,227,231,237,242,245,256,258,251,252,256,258,258,260,271,261,263,274,266,269,270,271,271,271,271,272,272,272,272,272,276,276,276,276,276,276,277,290,288,288,289,289,289,290,290,290,290,291,292,292,292,296,297,297,299,300,300,300,301,302,302,302,302,302,302,302,302,303,304,305,305,304,304,304,304,304,304,304,304,304,304,304,304,304,304,304,304,304,304,304,304,304,304,304,304,308,308,312,312,314,314,314,314,314,314,314,315,315,315,315,315,315,315,316,321,323,324,326,330,330,330,331,338,338,342,345,345,351,353,356,363,364,365,365,368,369,371,378,383,389,389,393,394,396,397,400,402,402,405,407,408,412,413,413,414,414,414,415,416,417,418,418,426,426,426,429,429,431,433,433,435,436,436,437,437,440,448,449,454,463,463,483,492,499,504,508,531,542,558,564,582,586,601,630,652,651,694,710,724,743,769,798,830,865,887,916,935,959,1001,1034,1052,1081,1105,1130,1171,1240,1282,1318,1340,1365,1390,1440,1490,1548,1591,1602,1616,1630,1674,1698,1722,1741,1774,1800
07232,Eifelkreis Bitburg-Prüm (Landkreis),99058,0,0,0,0,1,1,1,1,1,4,6,12,16,21,21,29,32,39,44,48,56,61,62,78,88,91,96,97,112,114,117,118,121,124,128,129,132,132,135,135,135,143,144,147,148,152,155,158,160,161,162,165,166,168,168,169,169,172,172,174,174,175,175,177,177,177,177,177,179,179,182,183,183,183,183,183,183,184,184,184,184,184,184,184,184,184,184,184,184,184,184,184,184,184,184,184,184,184,184,184,184,184,184,184,184,185,186,187,187,187,197,197,197,197,199,199,199,199,199,199,199,199,199,199,199,199,199,199,199,199,200,204,205,206,215,215,215,225,229,229,230,232,234,234,235,242,242,244,247,251,251,251,257,259,261,262,265,269,269,272,272,272,272,273,275,275,276,277,277,281,283,283,283,283,284,285,286,286,286,286,287,290,290,291,292,292,294,294,294,298,298,298,299,299,301,301,301,301,301,302,302,302,302,302,306,306,306,308,309,309,309,311,311,314,316,319,321,322,325,351,377,399,423,435,447,455,482,506,514,532,564,584,617,640,640,652,687,720,727,742,756,769,785,805,821,845,850,870,888,899,912,935,948,955,985,991,997,1010,1037,1052,1067,1100,1118,1122,1127,1153,1165,1175,1188,1205,1210,1264,1305,1311,1322,1352,1381,1387,1399,1418
16056,Eisenach (Kreisfreie Stadt),42250,0,0,0,0,0,0,0,0,1,1,1,1,1,1,1,1,1,1,1,1,1,1,3,3,4,4,4,4,6,6,8,8,8,9,9,11,11,11,11,12,12,12,13,13,13,14,15,15,17,17,18,18,18,18,18,22,22,22,22,23,23,23,23,24,25,25,25,25,25,26,26,27,28,29,29,29,29,29,29,29,29,29,29,29,29,29,29,30,30,30,30,30,30,30,30,30,30,30,30,30,30,30,30,30,30,30,30,30,30,30,30,31,31,31,31,31,31,31,31,29,29,29,29,29,29,29,29,29,29,29,29,29,30,30,30,30,30,30,30,30,30,30,30,30,30,32,32,33,33,34,34,34,34,35,35,35,35,35,35,35,35,35,35,35,35,35,35,35,35,35,35,35,35,35,35,36,36,37,37,37,37,37,37,37,37,37,37,37,37,37,37,38,38,38,40,40,40,40,41,41,41,41,41,42,42,42,42,42,42,42,42,43,43,43,43,43,43,43,43,43,43,43,43,44,44,47,47,48,48,47,47,47,47,48,48,48,50,56,62,64,64,64,64,65,67,70,75,80,80,80,84,87,95,97,98,100,100,101,103,104,106,108,108,115,113,122,122,128,136,136,136,142,143,143,148,148,148,148,159,158
12062,Elbe-Elster (Landkreis),101827,0,0,0,0,0,0,3,3,3,5,5,6,6,6,6,7,8,8,8,8,16,16,17,27,27,27,33,38,39,44,53,53,53,61,65,66,67,68,68,68,69,69,69,71,71,71,71,72,73,73,73,73,73,73,73,73,73,73,73,73,73,73,73,73,74,75,75,75,75,75,75,76,76,76,76,76,76,76,76,76,76,76,76,76,77,77,77,77,77,77,77,77,77,77,77,77,77,78,78,78,78,78,78,78,80,80,80,80,80,80,80,80,80,80,80,81,81,81,81,81,81,81,82,82,82,82,82,82,82,82,82,82,82,82,82,82,82,82,82,82,84,84,85,85,85,85,85,85,85,85,85,85,85,85,85,85,85,88,88,88,88,88,89,89,89,89,89,89,89,89,89,90,90,90,90,90,92,92,93,93,93,93,94,94,94,94,94,94,94,94,95,95,95,95,95,95,95,96,97,101,101,101,103,103,105,106,106,106,106,108,108,108,108,108,108,108,110,114,114,115,118,118,118,124,130,138,141,145,150,154,157,168,169,186,190,206,227,227,253,283,314,343,343,343,391,420,450,484,497,514,527,532,553,579,608,633,651,663,671,691,715,736,752,767,781,800,820,857,881,907,923,923,950,976,1017,1076,1115,1115,1115,1216
03402,Emden (Kreisfreie Stadt),49913,0,0,0,0,0,0,0,0,3,3,3,3,4,4,7,7,7,8,8,8,8,9,9,9,9,9,7,8,10,8,8,10,11,12,13,14,14,14,14,14,14,14,14,15,15,15,15,15,15,16,16,16,16,16,16,16,17,17,17,17,17,17,17,18,18,18,18,18,18,18,18,18,19,19,19,19,19,19,19,19,19,19,19,19,19,19,19,19,19,19,19,19,19,19,19,19,19,19,19,19,19,19,19,19,19,19,19,19,19,19,19,19,19,19,19,19,19,19,19,19,19,19,19,19,19,19,19,19,20,20,20,20,20,20,20,20,20,20,20,20,20,20,20,20,20,20,20,20,20,20,20,20,21,22,22,25,26,26,26,29,29,29,30,30,30,31,32,32,32,32,33,34,34,35,35,35,35,35,35,35,35,35,35,35,35,35,35,35,35,35,35,38,38,38,38,38,38,39,39,39,39,39,40,41,41,44,44,44,45,45,45,45,48,48,48,48,49,49,49,49,49,50,52,52,52,56,60,63,63,63,63,68,72,74,84,84,87,95,98,103,107,116,122,123,128,142,151,164,178,184,186,189,211,226,232,237,243,243,252,260,271,279,292,295,297,304,308,315,317,323,323,323,323,328,329,330,331,333,333,338
08316,Emmendingen (Landkreis),166408,0,1,1,3,12,13,13,15,17,21,21,36,43,60,69,100,110,122,123,141,154,171,178,191,233,244,264,287,321,350,369,398,401,407,423,439,446,467,475,481,481,485,487,500,507,511,512,514,514,514,513,512,514,514,514,514,515,515,516,516,516,516,517,518,517,517,518,518,518,518,518,518,518,519,520,520,520,520,521,521,521,521,521,523,523,523,523,523,523,523,523,523,525,525,525,526,526,527,527,527,527,528,528,528,528,529,529,530,533,533,534,534,534,534,534,534,534,534,534,534,534,535,537,537,537,537,544,546,547,548,548,548,548,548,550,550,550,550,552,552,552,553,554,554,555,555,555,556,557,557,557,557,557,557,558,558,559,559,559,560,560,562,563,567,567,567,568,569,569,570,574,574,574,583,586,587,593,595,595,598,603,605,608,614,620,622,623,625,627,630,635,638,640,641,642,645,648,654,657,658,659,661,663,669,670,673,678,678,683,683,683,686,689,698,704,708,716,723,732,737,744,748,761,770,785,796,810,826,840,844,861,881,906,932,953,971,991,1035,1080,1123,1175,1209,1222,1268,1327,1387,1424,1463,1511,1527,1546,1579,1616,1659,1684,1710,1725,1740,1770,1811,1865,1898,1936,1950,1962,1987,2016,2045,2068,2090,2113,2127,2151,2217,2246,2285,2285,2285,2364,2411
03454,Emsland (Landkreis),326954,0,0,0,0,0,0,1,1,3,4,10,10,31,36,43,51,56,63,64,67,78,93,102,114,136,140,146,149,165,175,181,191,200,201,213,244,255,264,294,298,309,317,330,342,360,364,366,366,371,374,379,384,384,385,386,388,389,392,396,397,408,408,410,417,421,422,424,425,425,425,426,428,428,430,430,431,434,435,439,440,440,440,442,442,443,444,445,445,445,445,446,448,448,448,448,448,454,456,456,458,458,458,458,459,459,460,460,462,462,462,462,462,462,462,465,465,465,468,468,468,468,469,469,469,472,473,473,473,473,473,473,477,477,480,483,490,490,490,494,495,497,497,498,498,498,508,509,511,511,513,513,513,515,517,519,520,522,522,522,532,532,533,533,533,533,533,541,543,548,554,557,557,557,562,564,571,576,580,580,580,592,593,602,606,609,609,609,617,617,618,620,623,628,635,643,646,659,669,672,672,683,690,691,698,705,714,714,714,734,737,757,764,787,806,837,868,893,905,947,975,998,1030,1071,1094,1128,1177,1206,1215,1257,1281,1298,1326,1385,1420,1443,1483,1534,1575,1630,1690,1782,1815,1883,1941,2003,2057,2111,2188,2189,2226,2391,2422,2469,2550,2611,2705,2778,2829,2872,2969,3033,3125,3125,3172,3307,3335,3382,3441,3490,3490,3564,3623,3696,3723,3798,3847,3869,3910,3972,3994
05954,Ennepe-Ruhr-Kreis (Kreis),324106,0,0,0,0,0,0,1,1,3,13,16,17,21,32,38,45,52,61,75,83,92,97,108,119,151,170,191,202,218,226,245,254,260,279,285,295,308,309,321,326,326,333,341,347,354,356,357,363,364,366,369,370,372,375,377,381,384,386,394,397,398,398,398,401,402,404,407,408,409,410,411,413,413,413,413,413,413,415,418,419,422,425,425,425,425,428,429,433,433,433,433,439,440,441,444,447,447,447,450,454,455,455,455,455,456,456,459,461,462,462,462,463,465,467,469,471,471,472,474,474,477,481,486,486,488,488,490,490,492,493,494,496,498,507,510,515,518,519,522,523,529,535,545,553,557,557,557,563,568,570,576,581,582,588,594,607,613,617,621,623,626,628,635,645,654,661,665,670,684,693,697,704,706,706,713,721,723,731,732,734,737,742,747,751,758,759,760,760,763,763,768,775,775,780,781,787,789,790,802,805,814,815,817,824,829,836,840,850,851,858,862,876,893,905,913,927,932,938,949,963,976,989,993,1004,1028,1063,1083,1117,1146,1173,1207,1248,1305,1381,1446,1476,1552,1606,1686,1727,1840,1906,1969,2058,2083,2139,2226,2363,2452,2555,2619,2667,2729,2818,2912,2983,3042,3058,3117,3156,3216,3294,3388,3438,3474,3510,3556,3621,3723,3768,3836,3872,3930,3994,4058,4107,4204,4284,4336,4387
08236,Enzkreis (Landkreis),199556,0,0,0,1,1,1,1,2,5,5,9,9,9,11,12,21,30,33,34,41,46,55,58,58,77,110,115,125,142,151,168,198,202,163,209,234,242,260,293,303,315,317,332,358,372,382,397,413,417,457,473,492,499,509,518,520,527,524,528,533,534,537,538,546,556,558,568,571,587,588,590,592,594,594,595,597,597,602,604,607,607,607,609,609,615,618,621,621,621,624,626,626,628,628,628,628,629,629,629,629,631,631,631,632,632,634,635,640,640,640,641,641,641,642,642,642,642,644,645,645,644,644,644,644,645,647,648,648,650,650,650,653,653,658,658,660,660,660,662,665,669,671,679,679,679,688,688,689,689,692,692,692,693,694,695,695,695,695,695,695,696,696,697,699,699,699,703,706,710,712,714,714,721,720,726,726,730,733,733,733,739,740,749,753,753,753,753,760,766,773,776,779,779,779,792,795,801,805,809,809,809,816,821,828,836,852,852,852,864,869,876,881,892,892,892,902,907,917,924,940,940,940,957,962,977,984,994,994,994,1035,1055,1084,1114,1126,1126,1126,1184,1232,1275,1419,1467,1510,1526,1548,1616,1678,1739,1803,1854,1882,1915,1949,1963,2000,2038,2054,2100,2126,2186,2252,2305,2373,2436,2410,2443,2469,2524,2585,2635,2687,2734,2770,2829,2903,2958,3013,3094,3149,3176,3265
09177,Erding (Landkreis),138182,1,1,1,2,2,2,2,3,3,10,11,11,28,28,31,54,70,70,109,129,143,178,210,213,245,297,316,327,350,373,401,401,420,424,442,468,476,476,491,491,506,517,526,533,543,543,549,551,557,562,566,569,569,569,574,583,583,584,584,585,585,592,594,595,605,605,605,605,607,608,609,609,609,609,609,612,614,612,612,615,615,615,614,614,616,616,616,616,616,616,616,616,617,617,617,617,617,617,617,617,617,617,617,617,617,618,630,630,630,630,630,630,633,634,636,636,640,639,639,644,649,649,649,649,665,667,668,669,671,671,671,675,677,678,679,680,680,680,681,681,684,685,687,687,687,692,696,698,700,701,701,701,706,711,713,717,717,717,717,719,719,726,729,734,734,734,742,750,751,753,755,757,757,756,760,760,772,777,777,777,781,782,787,792,794,797,797,798,804,806,808,810,810,810,815,817,818,832,836,837,837,840,849,851,854,856,856,856,860,862,868,868,870,871,871,875,877,883,894,895,895,895,903,908,916,925,940,940,940,940,956,973,1000,1023,1023,1023,1051,1080,1110,1152,1180,1180,1180,1254,1300,1362,1408,1479,1490,1490,1576,1623,1661,1711,1760,1760,1760,1872,1913,1967,2016,2047,2047,2047,2107,2202,2269,2326,2413,2413,2413,2518,2606,2676,2743,2825,2827,2827,2917,3048
16051,Erfurt (Kreisfreie Stadt),213981,0,0,0,1,1,1,1,2,2,3,3,10,16,16,16,18,27,27,28,44,53,57,62,72,72,74,77,82,87,89,92,94,95,97,103,107,107,110,110,112,113,114,117,120,121,121,122,122,125,129,131,131,132,132,133,133,133,133,133,134,134,134,134,134,135,135,135,135,135,135,135,135,136,136,136,136,136,136,136,136,136,136,136,136,137,137,137,137,137,137,138,138,138,138,138,138,138,138,138,138,138,138,138,139,139,139,139,139,139,139,139,139,139,139,139,139,139,139,139,139,139,140,140,140,140,140,140,140,140,140,140,140,140,140,140,140,140,140,140,140,140,140,140,140,140,140,140,142,142,142,142,142,142,143,143,148,150,150,150,153,155,157,157,160,160,160,160,162,165,165,166,166,166,168,169,169,169,173,173,173,173,175,176,178,179,179,179,179,180,180,184,186,186,186,189,194,197,204,212,212,212,215,217,220,222,223,225,225,225,229,231,237,244,245,245,246,246,248,251,253,253,253,261,267,273,279,286,292,292,302,310,334,349,368,408,423,426,445,517,541,554,598,603,611,654,695,723,749,789,807,851,855,905,931,958,1001,1003,1009,1032,1095,1142,1204,1235,1250,1254,1282,1313,1362,1374,1414,1422,1422,1464,1502,1576,1619,1665,1673,1675,1729
09562,Erlangen (Kreisfreie Stadt),112528,0,4,4,4,4,4,11,11,11,11,11,12,12,13,13,16,20,20,20,30,38,42,52,66,77,78,79,84,92,103,121,133,138,146,154,162,172,179,183,184,186,193,197,209,208,209,210,212,214,219,220,222,225,227,229,232,236,237,237,243,243,243,244,245,246,247,247,250,250,250,250,250,250,250,250,250,254,254,254,255,256,256,256,256,256,256,256,256,256,256,257,257,257,257,257,257,258,258,258,258,258,258,258,258,258,258,258,258,258,258,260,260,260,260,260,260,260,260,260,260,261,261,261,261,261,262,265,265,265,265,265,265,265,265,265,265,265,265,265,265,265,265,265,265,265,265,265,265,265,269,269,269,269,269,269,281,281,281,281,281,281,285,285,289,289,289,292,292,292,292,301,301,301,301,301,301,307,312,315,316,317,318,318,318,324,324,331,335,340,342,345,348,350,350,354,354,356,363,368,376,378,380,382,382,385,391,398,398,398,401,407,411,410,410,414,414,414,414,416,433,438,438,448,451,456,469,490,505,505,506,476,480,500,513,527,535,535,543,573,594,606,622,622,649,649,701,727,743,769,804,820,842,866,866,888,935,948,950,955,993,1025,1045,1098,1135,1151,1164,1186,1224,1270,1287,1299,1299,1357,1371,1419,1453,1483,1492,1516,1534
09572,Erlangen-Höchstadt (Landkreis),137262,1,1,2,2,2,2,2,2,2,4,4,5,7,7,9,14,21,21,25,30,39,42,48,48,56,56,59,68,76,91,102,118,118,122,133,146,146,152,155,157,158,158,161,163,178,188,178,179,181,182,185,187,188,188,188,189,189,189,190,190,191,192,192,192,193,193,193,193,193,194,196,201,223,222,225,227,230,231,231,233,232,232,232,233,234,234,235,235,235,235,235,236,236,236,236,236,236,236,236,236,236,236,236,237,237,237,237,237,237,237,237,237,237,237,237,237,237,237,237,237,238,238,238,238,238,243,244,244,244,244,244,244,244,244,248,248,248,248,248,248,248,248,248,248,248,248,248,248,248,271,271,271,271,271,271,283,284,284,284,284,284,286,286,290,290,290,301,301,301,301,306,306,306,306,306,306,319,312,314,315,315,321,321,321,326,326,330,331,333,333,334,339,340,343,344,344,345,353,353,357,357,358,359,359,360,356,358,358,358,364,366,371,372,374,375,378,379,383,388,384,387,387,394,396,404,414,415,432,432,434,462,467,482,491,509,523,523,532,566,579,592,612,612,634,634,678,702,720,773,796,817,841,869,869,953,1029,1045,1052,1056,1116,1167,1206,1254,1291,1309,1326,1348,1376,1439,1482,1502,1502,1568,1618,1658,1706,1754,1762,1783,1814
14521,Erzgebirgskreis (Landkreis),334948,0,0,0,0,0,0,0,0,0,2,2,2,2,11,15,27,29,33,50,55,57,59,65,76,96,104,114,133,150,244,274,276,288,303,319,333,342,386,397,401,406,419,423,437,450,462,469,474,478,485,491,501,503,512,513,513,517,520,521,526,527,527,533,538,539,541,542,542,543,545,546,547,549,549,549,549,549,549,549,550,550,552,552,552,553,553,553,553,553,553,553,553,553,554,554,554,554,555,555,555,555,555,555,555,555,555,558,558,558,558,558,558,558,558,558,558,558,558,558,558,558,558,558,558,558,558,559,559,560,560,560,561,561,561,561,561,561,561,562,562,562,562,562,562,562,562,562,562,562,562,562,562,562,564,566,566,566,566,566,570,570,570,570,570,570,573,573,573,575,576,578,578,578,579,579,580,585,586,586,586,587,587,588,588,588,588,588,591,596,603,608,621,621,621,643,649,664,674,680,680,680,701,726,748,766,780,780,780,805,811,823,837,854,854,854,854,859,918,971,1013,1013,1013,1127,1181,1244,1287,1418,1418,1418,1581,1625,1707,1815,1935,1936,2271,2357,2412,2518,2709,2837,2837,2837,3133,3320,3320,3650,4018,4018,4377,4521,4721,4912,5174,5359,5540,5740,5849,5928,6079,6258,6468,6671,6837,6943,7095,7225,7535,7864,8105,8307,8486,8674,8832,9130,9376,9537,9743,9983,10173
05113,Essen (Kreisfreie Stadt),582760,2,5,5,5,5,5,6,9,12,20,51,54,85,113,129,154,164,197,218,228,239,274,288,298,360,382,399,414,424,429,440,489,512,515,532,554,578,593,606,613,617,623,629,650,657,676,680,684,688,698,712,718,727,728,730,731,736,741,751,752,756,757,761,772,774,781,784,785,785,785,791,795,804,811,811,811,810,813,817,817,820,832,832,834,834,840,845,859,860,864,864,869,872,875,877,878,879,879,879,879,887,890,896,899,900,913,914,918,927,935,935,941,956,963,965,974,975,980,982,986,989,992,998,1000,1002,1005,1012,1021,1026,1034,1034,1036,1039,1044,1048,1051,1051,1073,1075,1083,1097,1110,1134,1151,1163,1164,1185,1199,1214,1224,1243,1247,1258,1268,1279,1292,1308,1323,1331,1342,1360,1379,1395,1416,1452,1462,1475,1483,1496,1506,1514,1525,1534,1537,1549,1563,1573,1584,1589,1595,1596,1605,1613,1636,1645,1660,1666,1668,1678,1691,1706,1719,1733,1753,1754,1762,1771,1786,1815,1831,1840,1855,1863,1876,1899,1930,1962,1979,1990,2005,2042,2074,2119,2167,2204,2221,2236,2287,2349,2418,2476,2507,2533,2566,2630,2691,2770,2833,2883,2909,2965,3049,3164,3298,3410,3547,3614,3667,3794,3999,4188,4436,4525,4643,4766,4909,5130,5328,5482,5622,5696,5796,5877,6063,6246,6418,6453,6570,6685,6861,7071,7303,7433,7482,7644,7777,7958,8095,8254,8400,8480,8526,8599,8727,8870,9018,9152,9327,9362,9487
08116,Esslingen (Landkreis),535024,5,13,14,16,16,18,23,40,47,65,82,119,123,206,206,234,360,360,362,435,462,493,596,648,705,737,761,833,946,1012,1071,1117,1117,1168,1198,1256,1298,1299,1394,1450,1450,1475,1481,1509,1534,1562,1562,1583,1591,1642,1656,1681,1683,1683,1697,1700,1714,1733,1733,1746,1746,1751,1753,1761,1767,1774,1774,1774,1795,1801,1804,1812,1817,1817,1817,1844,1847,1857,1857,1868,1868,1868,1877,1877,1859,1864,1868,1868,1868,1868,1871,1873,1876,1879,1879,1879,1895,1894,1896,1896,1899,1899,1899,1904,1905,1906,1909,1911,1911,1911,1915,1915,1919,1922,1924,1924,1924,1930,1928,1929,1932,1935,1935,1935,1941,1942,1946,1950,1950,1950,1950,1957,1959,1960,1961,1963,1963,1963,1983,1983,1984,1992,1995,1995,1995,2001,2002,2005,2011,2011,2011,2011,2017,2020,2020,2024,2027,2027,2027,2033,2039,2042,2047,2049,2049,2049,2063,2064,2089,2103,2118,2118,2118,2161,2165,2174,2191,2209,2209,2209,2237,2243,2259,2278,2312,2312,2312,2355,2369,2376,2396,2404,2404,2404,2439,2449,2489,2517,2559,2587,2606,2612,2618,2640,2662,2687,2687,2687,2752,2762,2790,2823,2859,2860,2891,2977,2990,3077,3132,3180,3182,3288,3339,3372,3511,3609,3697,3697,3720,3886,3922,4072,4212,4417,4417,4560,4596,4791,4937,5068,5325,5325,5325,5325,5367,5445,5591,5692,5899,6051,6181,6229,6315,6454,6616,6761,6867,6904,6969,7094,7288,7429,7578,7693,7755,7771,7883,8073,8185,8343,8475,8597,8685,8810,8965,9128,9311,9434,9519,9601
05366,Euskirchen (Kreis),193656,0,0,1,1,1,2,2,2,4,6,12,12,13,13,28,37,51,51,51,53,64,68,92,92,101,124,129,134,145,164,209,213,213,219,228,241,254,254,254,271,279,285,289,299,306,306,309,315,318,328,330,332,332,339,342,348,348,360,360,360,370,377,381,397,406,409,409,409,415,421,421,428,430,432,432,433,434,436,436,438,438,438,438,456,456,457,457,457,457,457,464,464,467,466,466,466,467,468,469,469,469,469,469,469,469,471,471,473,473,473,474,474,474,475,475,475,476,476,480,481,481,483,495,495,496,496,496,510,521,521,521,521,522,523,552,555,555,555,559,561,569,570,576,576,576,583,586,594,599,601,601,601,609,615,618,628,634,634,634,639,640,642,647,652,652,653,657,657,658,661,667,668,668,674,678,684,692,696,696,696,700,700,705,705,708,708,708,709,709,709,711,714,714,714,720,720,726,730,733,733,733,742,748,755,755,758,758,758,765,766,769,775,781,781,781,792,795,803,807,817,817,817,834,836,848,857,867,867,867,903,909,923,956,985,985,985,1063,1092,1125,1182,1212,1212,1212,1332,1348,1402,1464,1507,1507,1507,1638,1662,1710,1762,1830,1830,1830,1929,1941,1998,2048,2101,2155,2167,2183,2206,2272,2332,2385,2426,2447,2484,2511,2564,2626,2668,2729,2744,2748,2774
01001,Flensburg (Kreisfreie Stadt),90164,0,0,0,0,0,0,0,0,1,1,4,6,7,7,8,10,13,15,15,15,16,18,21,21,21,21,22,23,25,25,27,31,28,28,30,30,31,32,32,32,32,32,32,32,32,32,32,32,32,32,32,32,32,32,32,32,32,32,32,32,32,32,32,33,33,33,33,33,33,33,33,33,33,33,34,34,34,34,34,38,39,39,39,40,40,40,41,42,42,42,42,42,42,42,43,43,43,43,43,44,44,44,44,44,44,44,46,46,46,46,46,46,46,48,48,48,48,48,48,48,48,48,48,48,48,48,48,48,48,48,48,48,48,48,48,48,48,48,48,48,48,48,52,52,52,53,54,55,56,56,56,57,58,58,58,58,58,59,59,59,61,62,64,65,66,66,66,67,68,69,70,70,70,72,72,72,72,72,72,72,73,76,77,81,81,81,81,81,81,81,81,81,81,81,81,81,83,83,83,83,83,85,86,91,96,101,109,109,109,110,114,121,124,125,125,125,125,128,132,133,135,138,140,140,144,146,147,150,151,157,159,161,166,175,178,187,189,196,202,208,216,223,224,228,232,234,236,241,247,249,252,254,262,267,278,279,281,281,282,286,292,297,300,302,304,308,312,313,317,317,318,319,323,325,329,332,333,336,337,341
09474,Forchheim (Landkreis),116203,0,0,0,0,0,0,0,0,1,4,4,4,4,8,8,14,18,19,19,25,40,45,59,73,73,78,86,86,98,122,134,134,148,149,156,158,163,164,173,173,174,178,190,192,193,198,196,196,196,197,197,197,197,198,199,199,199,199,199,199,200,200,200,200,200,201,201,201,202,202,202,202,204,204,204,204,204,204,204,205,205,205,206,207,207,208,208,208,208,208,208,208,208,208,208,208,208,208,208,208,206,206,206,206,206,206,206,206,206,206,206,206,206,206,206,206,206,207,207,208,208,208,208,208,208,208,208,208,208,208,208,208,208,208,208,208,208,208,208,208,208,208,208,208,208,208,209,210,212,212,212,212,215,214,219,221,222,223,223,230,231,232,234,235,235,235,237,237,239,239,239,239,239,241,244,246,250,254,254,254,261,269,269,269,270,270,270,272,275,276,279,283,283,283,285,285,289,289,289,289,289,291,291,292,291,295,295,295,296,296,298,298,300,301,302,303,306,309,312,317,317,320,325,330,339,344,349,349,349,356,360,365,370,386,386,403,424,442,461,466,481,497,522,549,573,597,612,639,639,668,697,713,771,799,817,817,817,862,899,929,944,973,975,998,1034,1078,1110,1139,1166,1166,1172,1221,1264,1296,1315,1337,1343,1360,1408,1422
07311,Frankenthal (Pfalz) (Kreisfreie Stadt),48762,0,0,0,0,0,0,0,0,0,1,1,1,1,1,3,8,9,11,11,11,12,12,16,18,18,18,23,23,25,25,27,27,27,28,28,31,31,31,31,31,31,32,33,33,33,33,36,37,37,38,38,38,38,38,41,41,41,41,41,41,41,41,41,41,42,42,42,42,42,42,42,42,42,42,42,42,42,43,43,43,43,43,43,43,43,43,44,44,44,44,44,44,44,44,44,44,44,44,44,44,44,44,44,44,44,47,47,47,47,47,47,47,47,47,47,47,47,47,47,47,47,47,47,47,47,47,47,47,47,47,47,47,47,47,47,47,47,47,47,47,47,47,47,47,47,47,47,47,48,50,50,50,50,50,50,50,50,50,50,50,53,53,54,54,54,54,59,59,60,62,63,63,63,63,64,65,65,66,66,66,68,69,70,71,71,71,71,71,71,71,74,74,74,76,79,79,80,80,81,81,81,81,81,81,81,82,82,82,86,87,87,87,87,87,87,93,93,95,97,98,98,98,103,104,106,108,109,109,109,116,118,123,130,135,135,135,147,151,158,162,176,176,180,183,198,211,225,235,237,238,243,251,266,283,316,318,323,338,349,354,366,381,381,399,426,427,441,457,463,466,471,509,545,560,582,600,605,618,652,661
12053,Frankfurt (Oder) (Kreisfreie Stadt),57751,0,0,0,0,0,1,1,1,1,1,1,1,2,2,2,3,3,5,5,5,5,6,6,6,6,6,6,6,7,10,12,13,14,14,22,22,22,22,22,22,22,22,22,22,22,23,23,23,23,23,23,23,25,25,25,25,27,27,28,28,28,28,28,28,28,29,29,29,29,29,29,29,29,29,29,29,29,29,29,29,29,29,29,29,29,29,29,29,29,29,29,29,30,30,30,30,30,30,30,30,30,30,30,30,30,30,31,31,31,31,31,31,31,31,31,32,32,31,32,32,32,32,33,33,33,33,33,33,33,33,33,33,33,33,33,33,33,33,33,33,33,33,33,33,33,33,33,33,33,33,33,33,33,33,34,34,34,35,36,36,36,36,36,45,45,45,45,49,52,52,52,52,52,52,52,52,52,52,52,52,52,54,55,58,60,60,62,63,64,64,64,64,65,65,65,66,67,67,67,69,69,69,69,69,70,70,70,70,70,71,71,73,73,75,75,75,76,79,82,82,83,87,87,88,94,99,107,111,111,111,113,116,118,119,122,125,126,130,135,137,149,156,156,166,169,173,183,191,194,195,202,206,213,219,224,230,239,243,243,266,279,289,299,309,311,315,331,333,351,366,366,385,393,406,433,450,462,473,478,488
06412,Frankfurt am Main (Kreisfreie Stadt),763380,4,4,4,4,4,6,6,9,15,21,21,21,21,51,83,95,122,148,148,164,196,212,237,237,330,330,352,396,438,484,504,545,578,590,643,660,730,796,796,837,851,862,914,935,999,1022,1052,1079,1096,1107,1152,1174,1174,1211,1214,1220,1234,1259,1268,1288,1288,1297,1304,1314,1324,1346,1358,1361,1363,1363,1367,1379,1381,1391,1408,1415,1418,1501,1513,1525,1525,1557,1561,1562,1562,1577,1587,1603,1612,1612,1624,1630,1630,1637,1638,1649,1649,1650,1653,1660,1665,1665,1665,1665,1685,1685,1695,1702,1717,1717,1717,1741,1742,1748,1754,1762,1769,1769,1770,1771,1772,1776,1778,1779,1790,1795,1803,1815,1822,1822,1844,1845,1850,1852,1867,1875,1887,1887,1897,1900,1905,1918,1918,1924,1937,1939,1941,1943,1951,1959,1967,1984,1984,1986,1989,1989,2010,2027,2056,2069,2074,2074,2099,2144,2199,2199,2199,2301,2329,2376,2417,2424,2465,2535,2563,2586,2620,2646,2646,2646,2700,2703,2730,2746,2781,2781,2815,2863,2871,2884,2906,2928,2928,2952,2999,3009,3026,3064,3097,3097,3119,3157,3171,3189,3217,3267,3267,3342,3383,3403,3428,3520,3600,3629,3635,3748,3775,3876,3967,4058,4134,4185,4244,4343,4409,4479,4630,4834,4966,5127,5292,5431,5633,5651,6170,6531,6658,6855,7105,7417,7587,7895,8074,8482,8716,8955,9330,9637,9975,10401,10723,10877,11229,11618,11950,12194,12425,12659,12746,13048,13379,13647,13700,14010,14493,14624,14861,15106,15331,15487,15632,15810,15926,16111,16314,16544,16701,16910,17085,17164
08311,Freiburg im Breisgau (Stadtkreis),231195,6,8,8,8,8,12,12,15,18,34,38,53,53,64,86,121,158,195,195,226,230,248,285,333,386,402,426,457,502,562,608,657,684,690,704,757,795,812,835,849,857,862,868,877,889,908,915,921,928,934,937,938,943,946,946,946,951,955,956,957,957,959,962,962,966,967,970,970,972,970,969,967,967,967,969,969,971,973,979,976,976,977,977,975,976,976,976,976,976,977,977,978,982,982,982,982,982,983,985,983,983,983,983,983,983,985,986,986,986,986,988,988,988,988,988,988,988,988,989,989,989,989,989,989,991,991,991,991,992,992,992,999,998,1002,1002,1004,1004,1004,1006,1006,1008,1008,1008,1008,1008,1009,1009,1009,1011,1011,1011,1011,1017,1019,1019,1022,1024,1024,1024,1028,1028,1030,1035,1040,1040,1040,1051,1052,1055,1061,1062,1062,1062,1077,1080,1086,1092,1096,1096,1096,1112,1118,1119,1123,1129,1129,1129,1146,1147,1148,1153,1164,1164,1164,1172,1179,1186,1199,1210,1210,1210,1226,1236,1237,1248,1252,1252,1252,1269,1269,1277,1282,1288,1288,1288,1310,1312,1321,1331,1342,1342,1342,1376,1390,1404,1418,1445,1445,1474,1502,1515,1554,1577,1607,1647,1686,1690,1732,1778,1849,1909,1965,1994,2014,2075,2121,2165,2183,2228,2248,2268,2283,2316,2334,2379,2404,2437,2466,2476,2503,2545,2580,2610,2645,2658,2672,2709,2737,2777,2823,2858,2886,2900,2936,2982,3016,3053,3090,3109,3155
09178,Freising (Landkreis),180007,14,17,20,22,28,31,51,51,56,56,73,74,87,93,122,145,164,174,218,229,252,296,326,360,397,433,445,485,521,581,616,643,678,674,695,742,774,801,802,817,817,831,833,840,843,858,866,873,881,883,884,889,894,894,899,901,904,907,907,908,908,909,909,915,915,919,919,919,926,933,938,941,941,944,944,948,950,952,955,955,955,955,957,957,959,959,959,959,959,959,957,958,959,959,959,959,959,959,959,959,960,960,960,960,960,961,961,962,962,962,967,967,968,970,970,970,970,971,971,971,972,973,973,973,974,975,977,977,977,977,978,978,978,982,985,988,988,988,991,997,998,999,1003,1003,1003,1009,1010,1011,1011,1013,1013,1013,1015,1017,1018,1022,1024,1024,1024,1030,1033,1048,1050,1058,1058,1058,1062,1068,1074,1081,1086,1088,1088,1095,1098,1110,1125,1131,1131,1131,1140,1149,1152,1159,1162,1167,1167,1187,1192,1201,1206,1214,1218,1218,1236,1241,1245,1260,1263,1265,1265,1285,1287,1289,1296,1302,1304,1304,1320,1325,1327,1334,1341,1345,1345,1355,1358,1365,1375,1383,1383,1383,1394,1395,1415,1447,1467,1467,1467,1499,1517,1540,1561,1583,1583,1583,1684,1701,1752,1801,1829,1829,1829,1894,1973,1998,2070,2104,2104,2104,2272,2291,2346,2375,2449,2449,2449,2538,2565,2605,2645,2704,2704,2704,2795,2824,2880,2921,2975,2975,2975,3095,3105,3138,3176,3231,3231,3265,3327,3343
08237,Freudenstadt (Landkreis),118243,0,0,0,0,0,0,1,1,2,2,3,10,10,12,14,14,16,33,65,65,72,75,116,125,149,161,177,186,196,218,222,253,276,288,298,344,390,404,422,444,444,444,447,467,478,480,505,513,518,524,531,537,538,539,540,541,542,546,553,563,563,565,565,566,568,569,570,570,570,570,570,571,571,572,572,572,572,572,572,572,572,574,574,574,575,576,576,576,576,576,576,576,576,576,576,576,577,577,577,577,577,577,577,577,577,577,577,577,577,577,577,577,577,577,577,577,577,577,577,577,577,577,577,577,578,578,579,579,579,579,579,581,581,581,582,582,582,582,584,584,584,584,587,587,587,587,587,593,593,593,593,593,593,593,595,595,595,595,595,596,596,599,599,599,599,599,600,601,606,606,609,610,612,618,620,622,622,623,623,623,625,626,627,632,636,636,636,641,642,643,645,645,645,645,649,649,653,655,655,655,655,662,662,662,662,663,663,663,665,666,666,666,667,667,667,673,673,675,678,681,681,682,689,693,699,714,717,725,732,742,751,770,791,811,811,815,840,846,863,892,914,923,941,962,968,985,1003,1044,1057,1071,1109,1132,1172,1206,1227,1249,1253,1269,1313,1327,1368,1378,1411,1425,1430,1440,1476,1490,1521,1555,1564,1575,1595,1632,1677,1720,1762,1783,1789,1868
09272,Freyung-Grafenau (Landkreis),78362,0,0,0,0,0,0,0,0,0,0,0,4,5,7,8,8,8,10,10,20,20,37,37,39,62,79,92,98,102,108,111,113,113,113,115,127,127,133,132,137,144,145,145,155,161,161,162,163,165,166,168,171,168,178,179,182,183,185,186,186,187,187,188,189,189,190,191,191,191,192,192,192,192,192,192,192,192,192,192,192,192,192,192,194,194,194,194,194,194,194,194,194,194,194,194,194,194,194,194,194,194,194,194,194,194,194,194,194,194,194,194,194,195,195,196,196,196,196,196,196,196,196,196,196,196,196,196,196,196,196,196,196,196,196,196,196,196,196,196,196,196,196,196,196,196,196,196,196,196,196,196,196,196,196,196,196,196,196,196,196,196,196,196,196,197,197,197,197,197,197,198,198,198,198,200,201,201,202,202,202,202,202,202,203,207,207,207,208,208,208,213,213,213,213,213,213,213,227,227,227,227,227,238,240,240,240,240,240,240,250,251,251,251,251,251,254,254,262,262,262,262,262,278,278,287,295,295,300,300,303,303,304,319,319,319,330,363,363,394,394,396,465,465,485,485,485,509,541,569,569,606,656,707,762,817,858,897,916,962,987,1026,1066,1117,1142,1183,1195,1217,1268,1315,1347,1368,1394,1478,1505,1534,1601,1644,1678,1730,1745
03455,Friesland (Landkreis),98704,0,0,0,0,0,0,2,2,2,2,2,2,3,3,3,3,3,5,6,6,7,7,8,9,10,10,10,12,15,18,20,20,20,22,23,24,24,24,25,25,28,28,28,28,30,30,30,31,31,31,31,31,32,32,32,32,32,34,34,34,34,34,34,35,35,35,35,35,35,34,34,34,34,34,34,34,34,34,34,34,34,34,34,34,34,34,34,34,34,34,34,34,34,34,34,34,34,34,34,34,34,34,34,34,34,34,34,35,35,35,35,35,35,35,35,35,35,35,35,35,37,37,37,37,37,37,38,39,39,39,39,39,39,39,39,39,39,39,39,39,39,39,39,39,39,39,39,39,39,39,39,39,39,39,39,39,40,40,40,40,39,40,40,40,40,40,40,40,41,45,45,45,46,47,47,52,52,53,53,53,55,54,57,57,57,57,57,58,59,59,60,61,61,61,62,62,63,67,67,67,73,73,74,81,84,96,101,103,104,105,106,114,115,116,117,117,117,118,118,118,118,121,126,126,130,131,134,135,136,139,140,140,142,147,149,150,154,156,161,170,180,180,188,189,189,191,197,207,207,212,223,223,230,242,244,244,260,264,264,274,280,298,298,298,313,322,373,380,384,392,403,414,425,440,451,461,461,501,517,536
06631,Fulda (Landkreis),223145,0,0,0,0,0,2,2,5,5,16,16,29,43,43,43,71,73,77,91,91,103,110,115,123,134,143,148,155,163,190,196,209,217,217,234,240,247,256,262,263,264,278,282,282,285,287,290,291,290,293,294,296,296,297,299,297,297,298,298,298,298,299,300,301,301,302,302,302,306,306,310,311,312,313,313,314,314,314,315,315,315,315,314,315,319,327,329,330,330,330,339,345,347,354,355,358,365,366,366,368,368,369,369,371,372,376,377,379,380,380,381,381,382,383,383,386,386,391,392,393,398,396,397,397,396,396,396,396,399,399,399,407,407,413,413,415,415,415,415,416,416,416,420,420,420,420,420,421,423,423,426,426,433,434,436,439,443,447,447,449,451,457,464,473,473,473,479,480,482,486,488,488,488,494,494,495,495,496,500,500,501,512,518,518,526,526,526,537,537,542,543,545,550,550,551,562,565,570,577,577,577,577,584,585,591,600,600,600,609,609,614,621,625,627,627,634,634,640,640,646,646,646,658,661,673,676,694,694,694,726,726,757,769,798,833,877,890,931,1006,1051,1088,1107,1141,1184,1195,1217,1276,1310,1332,1332,1406,1433,1480,1524,1574,1578,1611,1679,1711,1722,1851,1885,1929,1966,2022,2041,2115,2181,2224,2241,2287,2349,2372,2430,2487,2561,2612,2670,2765,2826
09179,Fürstenfeldbruck (Landkreis),219311,0,0,0,0,0,3,4,4,6,6,15,18,22,22,23,24,36,51,51,51,94,110,250,275,275,275,320,329,359,474,512,512,512,522,612,612,630,630,630,637,647,652,675,678,721,721,721,745,758,766,772,777,777,777,802,802,814,815,815,815,815,815,818,824,862,866,866,866,866,875,875,880,880,880,880,883,887,887,888,895,895,895,895,900,900,902,902,902,902,902,902,902,904,905,905,905,905,905,905,905,907,907,907,907,908,909,909,909,909,909,909,909,909,910,912,912,912,915,915,915,924,925,925,925,925,928,928,928,936,936,936,938,944,946,951,951,953,953,954,956,961,962,963,963,963,965,966,970,971,971,971,971,971,978,978,978,984,984,984,988,988,993,995,995,995,1000,1010,1018,1018,1032,1041,1041,1041,1056,1064,1064,1077,1089,1089,1089,1089,1093,1093,1098,1116,1116,1116,1141,1147,1147,1152,1157,1157,1157,1170,1175,1181,1181,1210,1210,1210,1236,1252,1252,1261,1278,1278,1278,1307,1325,1335,1338,1338,1338,1338,1379,1403,1425,1449,1482,1482,1503,1529,1547,1572,1642,1656,1656,1656,1739,1791,1838,1883,1917,1917,1917,2043,2086,2175,2230,2284,2284,2284,2454,2497,2590,2680,2812,2812,2812,2918,3006,3090,3144,3212,3212,3212,3338,3394,3476,3530,3592,3592,3592,3737,3800,3879,3936,3995,3995,3995,4104,4160,4221,4283,4347,4347,4416,4448,4524
09563,Fürth (Kreisfreie Stadt),128497,0,0,0,0,0,0,5,5,6,6,7,8,9,9,10,12,16,17,22,24,25,29,37,44,52,72,76,76,91,96,102,143,143,169,180,203,223,216,216,216,226,237,255,257,271,271,276,281,301,301,320,328,328,334,340,341,343,345,345,349,350,355,358,359,367,369,369,369,372,372,375,381,381,378,378,381,381,381,381,381,381,381,384,385,386,393,395,395,395,395,395,395,395,397,397,397,398,398,402,402,407,407,407,408,408,407,407,408,408,408,413,413,415,415,415,415,415,418,418,421,423,423,426,426,427,429,431,431,431,431,431,431,431,431,431,431,431,434,434,436,436,439,439,439,439,441,441,442,442,442,442,442,442,442,444,445,445,445,445,447,447,448,450,450,451,451,456,462,467,470,477,477,477,480,484,486,486,490,490,490,490,495,496,504,506,507,507,511,511,524,529,530,530,530,540,543,549,552,557,561,561,571,566,569,570,577,577,577,577,597,603,612,621,621,622,628,632,637,643,645,645,650,652,660,663,667,673,673,678,697,705,721,733,742,745,760,763,774,834,868,903,901,922,958,967,1088,1104,1126,1126,1223,1289,1328,1346,1400,1459,1517,1562,1589,1613,1652,1738,1781,1840,1864,1903,2002,2050,2085,2133,2213,2247,2253,2285,2278,2314,2371,2497,2532,2562,2651
09573,Fürth (Landkreis),117853,0,0,0,0,0,0,2,2,2,2,3,3,3,3,3,4,7,14,18,19,22,28,47,65,73,78,88,128,152,168,179,236,236,268,291,314,315,337,337,337,354,359,368,392,392,402,402,410,425,427,430,433,433,433,443,447,452,454,454,473,473,473,466,465,467,467,467,467,474,474,475,475,475,487,487,487,479,479,479,479,479,479,479,484,484,492,492,492,492,492,492,493,493,493,493,493,493,493,493,493,493,493,493,493,493,494,494,494,494,494,494,494,494,494,494,494,494,494,494,495,495,496,496,496,496,496,496,496,497,497,497,497,497,497,499,499,499,503,503,503,503,503,503,505,505,503,505,505,511,512,512,522,513,513,516,516,514,514,514,515,516,516,516,517,517,518,518,519,521,525,525,525,525,528,529,530,530,532,535,535,536,536,536,538,541,545,545,545,545,554,554,560,560,560,563,565,567,570,571,574,574,574,577,577,579,582,582,582,582,589,590,593,600,600,603,603,605,606,611,614,614,616,631,640,641,648,650,650,650,667,675,687,709,738,741,753,770,776,814,845,867,868,925,944,977,1055,1070,1083,1087,1140,1185,1209,1232,1262,1313,1346,1378,1377,1394,1436,1507,1530,1569,1589,1609,1682,1711,1735,1761,1830,1850,1854,1877,1876,1908,1957,2033,2039,2054,2093
09180,Garmisch-Partenkirchen (Landkreis),88424,0,0,0,0,1,1,1,2,2,2,3,3,3,14,20,20,38,42,42,43,46,70,79,89,89,113,115,126,133,137,145,179,182,183,196,197,211,218,218,218,218,218,242,249,260,260,267,272,276,277,290,316,316,317,319,319,323,323,323,323,323,324,325,326,338,338,338,339,339,339,340,343,345,346,351,351,351,352,352,352,352,352,352,352,352,352,352,352,352,352,352,352,352,352,352,352,353,353,353,353,353,353,353,353,353,353,353,353,353,353,353,353,353,353,353,353,353,353,353,353,353,353,353,353,353,353,353,353,353,353,353,353,353,356,356,356,356,356,357,357,357,357,358,358,358,359,359,359,362,364,364,364,364,364,364,365,365,365,365,365,365,366,371,371,371,371,374,374,375,375,376,376,376,379,382,388,391,392,392,392,396,396,397,397,399,399,407,408,410,415,416,449,453,456,457,462,466,468,474,474,480,480,482,487,488,488,488,488,491,493,497,499,502,502,502,503,503,506,506,506,506,506,510,511,519,525,534,534,537,541,544,550,567,574,574,594,601,609,636,655,676,676,719,736,767,780,814,833,833,856,862,888,901,937,952,960,995,1000,1013,1049,1067,1081,1081,1105,1106,1116,1136,1161,1181,1181,1233,1237,1269,1300,1322,1359,1377,1388,1390,1393
05513,Gelsenkirchen (Kreisfreie Stadt),259645,0,1,3,3,3,3,4,4,5,9,10,12,13,18,35,38,41,41,45,50,55,61,64,82,86,96,101,114,129,143,151,168,186,194,210,212,226,228,238,238,247,251,253,258,265,273,279,281,285,292,301,309,309,333,334,342,344,347,348,348,349,352,355,355,361,364,365,365,365,367,369,371,374,390,390,391,393,394,401,401,402,402,402,404,408,408,409,411,411,411,416,416,418,426,431,431,437,439,439,444,444,444,444,452,456,457,461,475,475,475,485,489,493,497,497,499,499,498,513,515,523,525,526,526,526,535,538,544,549,559,559,559,565,569,570,583,584,584,584,589,594,599,605,615,615,615,619,625,626,632,635,635,636,646,652,653,668,673,673,696,700,712,712,725,737,737,755,757,765,775,789,793,793,795,807,817,822,838,838,838,841,843,844,850,854,861,861,864,869,872,876,890,892,892,929,943,947,963,981,996,996,996,1024,1040,1063,1081,1109,1109,1109,1136,1152,1173,1186,1210,1210,1210,1244,1272,1298,1324,1347,1347,1376,1402,1461,1473,1535,1594,1594,1649,1683,1741,1808,1892,1964,1964,2006,2086,2192,2256,2387,2544,2544,2544,2724,2897,3009,3118,3268,3268,3268,3417,3482,3569,3686,3792,3792,3792,4017,4159,4268,4392,4490,4490,4490,4577,4701,4789,4877,4985,4985,4985,5069,5080,5207,5309,5474,5474,5474,5572
16052,Gera (Kreisfreie Stadt),93125,0,0,0,0,0,0,0,1,1,1,1,1,1,1,4,5,5,5,5,7,7,7,8,14,18,19,19,22,25,34,35,36,36,37,39,40,46,48,51,53,55,62,76,79,82,89,89,92,106,115,122,128,135,138,142,142,150,153,161,161,163,166,166,171,177,180,180,180,184,185,186,190,194,195,196,198,204,209,209,209,214,217,220,223,228,233,234,235,240,240,245,251,245,252,252,252,252,252,253,253,253,253,253,253,253,254,254,254,254,254,254,254,254,254,254,254,254,255,256,257,257,257,257,257,257,259,259,259,259,259,259,259,259,259,259,259,259,259,260,260,260,261,261,261,261,261,261,262,262,262,262,262,263,264,264,264,265,265,265,267,268,271,271,271,271,271,271,271,271,271,271,271,271,271,271,271,271,272,272,272,272,272,272,272,274,274,274,274,274,274,274,274,275,275,278,278,278,278,278,279,279,279,280,280,283,283,283,283,285,285,285,288,288,291,292,293,294,302,302,304,312,313,313,324,326,335,340,343,352,352,361,362,373,379,391,393,394,397,401,413,429,448,452,452,479,489,512,525,540,548,548,563,567,583,593,605,612,612,616,623,636,645,694,709,713,733,748,768,792,838,852,852,866,889,910,954,981,1004,1004,1078
07334,Germersheim (Landkreis),129013,1,1,1,1,1,1,1,1,2,4,4,4,8,10,20,24,27,27,27,27,37,42,45,51,56,61,62,68,77,84,89,89,91,100,102,107,111,113,118,118,118,119,120,123,127,127,127,131,133,139,140,140,140,140,141,141,142,142,142,142,142,142,143,143,144,144,144,144,145,146,146,146,146,146,146,147,147,147,147,147,147,147,148,148,148,148,148,148,148,148,148,148,148,148,148,148,148,148,148,148,148,148,148,148,148,148,148,148,148,148,149,149,149,151,151,151,155,166,176,190,190,187,187,187,187,188,188,192,193,195,197,197,197,199,199,199,199,199,199,199,200,200,200,200,200,200,200,200,200,200,200,200,201,207,207,208,208,208,213,214,214,214,216,217,220,226,225,233,234,247,256,258,260,264,269,274,278,279,281,283,284,284,290,297,299,299,299,299,301,302,303,305,307,308,309,310,332,336,339,339,339,339,342,345,350,353,353,357,360,362,364,367,374,378,378,392,393,399,405,412,414,419,422,424,430,442,449,449,452,458,470,493,503,522,522,538,550,571,599,634,664,689,689,783,809,850,882,918,925,955,1004,1031,1055,1088,1139,1152,1176,1192,1212,1252,1324,1369,1377,1425,1443,1466,1490,1527,1582,1590,1625,1634,1649,1695,1728,1760,1765,1802,1819,1855
06531,Gießen (Landkreis),270688,2,2,3,3,3,3,4,4,7,7,8,13,17,17,29,47,56,58,64,74,82,91,100,112,112,121,128,138,143,143,154,162,170,170,177,179,181,181,182,185,186,187,189,189,190,195,199,199,207,207,211,212,212,216,213,215,219,219,221,226,226,226,226,226,227,228,230,234,234,234,234,235,237,237,237,238,238,238,238,239,239,239,239,244,244,244,245,245,245,246,245,245,245,244,244,245,245,245,245,245,245,246,246,245,246,246,246,246,246,246,247,248,248,248,247,247,248,248,251,252,256,258,259,259,259,259,259,260,261,261,261,261,261,262,262,263,263,265,265,266,268,271,271,271,272,272,272,272,274,276,276,282,284,285,287,288,291,295,295,298,304,304,311,312,312,314,320,324,331,337,343,348,350,351,357,356,359,365,369,369,369,373,374,378,386,391,393,393,394,407,412,421,421,429,431,436,439,440,446,448,450,451,453,453,455,458,461,466,466,467,480,486,492,494,514,516,523,540,544,564,570,574,578,591,632,647,680,680,723,728,766,806,848,895,935,1005,1050,1111,1202,1229,1273,1277,1380,1650,1754,1814,1905,1996,2087,2138,2138,2177,2273,2382,2425,2490,2546,2563,2651,2739,2853,2954,3030,3035,3074,3130,3241,3333,3410,3471,3507,3551,3584,3624,3721,3760,3868,3897,3924,4040
03151,Gifhorn (Landkreis),176523,0,0,0,0,0,0,0,0,0,5,7,7,16,20,23,26,32,34,34,37,39,43,48,53,62,62,68,78,77,87,92,95,96,99,103,107,106,106,109,109,109,110,115,119,122,123,122,122,122,122,123,124,124,124,125,125,126,124,124,124,124,124,124,124,124,124,125,125,126,125,125,125,125,125,125,125,125,125,125,125,125,126,126,128,128,128,128,136,136,137,147,147,148,149,149,149,149,150,150,151,151,151,151,152,156,157,158,159,159,159,159,159,159,160,160,161,161,161,164,165,165,169,169,169,169,169,169,169,169,169,169,169,169,169,169,169,169,169,169,169,169,169,170,171,171,171,171,172,172,172,172,172,172,172,172,172,174,174,174,176,176,177,177,179,179,179,179,179,183,184,187,188,188,192,192,199,199,201,201,201,206,206,218,218,223,223,223,226,226,234,234,234,234,235,236,236,238,238,242,242,242,242,242,244,244,248,248,249,250,250,256,256,256,256,256,256,256,259,259,268,269,269,281,281,303,308,320,320,321,327,327,350,365,376,382,382,392,416,416,428,443,452,458,463,484,502,518,533,574,605,615,626,660,687,726,750,766,766,774,799,812,833,885,885,926,927,938,946,965,978,984,1004,1009,1024,1055,1070,1102,1134,1153,1163
08117,Göppingen (Landkreis),258145,2,2,2,3,3,3,4,4,21,32,32,57,61,64,81,101,110,110,185,193,204,237,264,298,331,365,388,401,450,485,503,520,541,544,551,578,600,629,638,639,655,662,668,691,698,705,715,716,717,720,729,735,737,740,741,745,751,752,763,766,768,769,770,774,776,775,775,777,780,778,778,780,781,783,783,783,783,784,784,784,784,784,776,776,776,776,780,780,780,780,780,780,780,780,780,780,779,780,782,782,783,783,783,783,783,783,784,785,785,786,786,788,795,797,797,801,804,805,805,807,807,811,811,811,811,812,812,812,813,814,814,814,815,821,821,822,822,822,828,829,830,835,836,836,836,838,838,840,843,844,844,844,848,849,854,860,862,862,862,867,871,874,877,887,890,895,896,902,905,914,930,940,943,946,950,958,965,980,988,992,997,1001,1007,1011,1014,1019,1025,1032,1038,1046,1051,1060,1068,1072,1073,1090,1097,1108,1113,1121,1128,1132,1136,1138,1143,1150,1159,1160,1162,1165,1171,1176,1180,1193,1197,1201,1215,1248,1262,1272,1283,1293,1298,1314,1356,1377,1403,1428,1450,1490,1515,1548,1578,1606,1641,1682,1735,1763,1803,1846,1901,1951,2021,2085,2145,2199,2268,2339,2413,2491,2575,2647,2726,2802,2872,2948,2990,3038,3081,3146,3213,3288,3377,3471,3500,3526,3576,3685,3755,3801,3840,3882,3921,3978,4043,4121,4219,4270,4311,4335
14626,Görlitz (Landkreis),252725,0,0,0,0,0,1,2,2,5,6,6,7,7,9,10,15,18,28,28,29,30,33,35,59,62,69,69,75,82,88,96,161,167,181,182,199,205,216,219,223,224,224,226,232,238,243,243,243,243,250,252,252,252,255,255,256,258,260,266,266,266,266,267,268,268,268,268,268,268,268,268,268,268,268,268,268,268,268,268,268,268,268,268,268,268,269,269,269,269,269,269,269,269,269,269,269,269,269,269,269,269,269,269,269,269,269,269,269,269,269,269,269,269,269,269,269,269,269,269,269,269,270,270,270,270,270,270,270,270,270,270,270,270,271,271,271,271,271,271,271,271,271,271,271,271,271,271,271,272,272,272,272,272,272,281,314,315,320,329,329,329,331,335,336,338,338,338,339,340,341,342,344,344,344,344,348,348,349,349,350,349,353,353,353,353,353,353,354,354,354,356,358,359,360,361,364,366,368,371,371,372,372,372,373,377,383,386,387,388,392,397,399,403,406,415,415,418,426,436,454,465,470,470,501,513,534,560,591,612,613,638,695,762,809,927,942,945,967,1113,1152,1241,1311,1463,1469,1620,1814,1923,2098,2226,2267,2274,2369,2548,2677,2846,2931,2982,2984,3130,3304,3396,3527,3711,3756,3795,3942,4150,4329,4484,4724,4824,4860,5052,5217,5466,5744,5963,6050,6066,6312
03153,Goslar (Landkreis),136292,0,0,0,0,0,0,0,0,0,0,5,5,7,7,14,14,18,18,21,22,24,31,40,46,51,51,60,61,61,60,70,74,82,87,89,90,98,112,112,114,114,118,122,133,133,139,139,145,162,166,183,178,178,178,191,193,202,205,207,214,218,218,221,223,229,229,230,232,232,233,233,236,236,240,239,241,241,243,243,244,244,244,249,250,251,251,251,252,252,254,254,254,254,254,254,254,254,254,254,254,254,254,254,254,254,255,257,257,257,257,257,257,257,257,257,257,257,260,260,260,260,260,260,260,260,260,260,260,260,260,260,262,262,262,262,262,262,262,262,262,262,262,262,262,262,262,262,263,268,267,272,277,277,272,272,272,272,272,272,272,272,272,273,273,273,273,273,275,276,276,276,276,276,278,278,278,279,279,279,279,281,283,284,284,285,285,285,286,286,286,290,290,290,290,291,292,292,296,296,301,301,301,309,312,314,314,314,314,314,314,317,317,318,318,318,318,321,321,321,322,322,324,327,333,335,337,344,346,349,349,356,361,368,374,374,379,391,402,418,427,440,440,475,476,490,507,518,527,535,539,539,541,548,561,569,577,582,585,586,600,607,610,623,632,632,633,638,652,663,667,673,673,676,681,685,698,708,714,721,724
16067,Gotha (Landkreis),134908,0,0,0,0,0,0,0,0,0,0,1,1,1,1,1,5,7,7,9,14,17,17,17,20,20,21,23,26,28,33,34,35,37,38,45,52,57,63,65,65,66,80,92,104,112,127,128,134,152,162,170,173,187,193,199,207,222,232,243,243,244,244,246,250,255,261,267,270,272,272,273,274,276,278,278,278,279,279,279,283,283,284,284,284,294,300,300,300,300,300,300,300,302,302,302,302,308,309,309,309,310,310,310,310,310,311,311,311,311,311,313,313,313,314,314,314,314,314,314,314,314,315,315,315,317,317,317,317,317,317,317,317,317,319,319,319,319,319,320,320,320,320,320,320,320,321,321,321,321,321,321,321,321,321,321,322,324,324,324,325,326,326,327,328,328,328,328,331,331,332,332,332,332,333,334,334,338,338,338,338,339,339,340,340,340,340,340,340,341,343,344,345,345,348,351,352,352,355,357,357,357,360,362,363,366,366,366,366,367,367,367,367,367,367,367,369,370,372,376,378,378,390,393,398,398,404,410,410,420,420,421,431,441,447,447,453,465,468,472,482,492,502,502,509,509,516,529,544,548,551,556,566,594,606,636,649,658,671,681,700,719,749,749,766,802,819,836,861,891,891,891,914,925,955,989,1024,1024,1024,1059,1071
03159,Göttingen (Landkreis),326041,0,0,0,0,0,0,0,0,0,3,4,4,14,19,32,45,51,61,70,75,83,94,115,127,142,158,200,208,234,270,286,312,340,351,370,399,433,470,488,520,551,555,578,607,664,690,702,702,723,736,740,746,758,767,770,787,792,795,805,802,802,802,802,807,809,809,819,822,822,823,823,824,828,832,833,833,833,835,842,842,844,845,845,845,847,850,857,878,884,886,913,934,956,978,1001,1025,1026,1029,1037,1040,1056,1061,1072,1071,1080,1093,1187,1213,1213,1229,1236,1258,1260,1260,1263,1291,1293,1293,1294,1298,1308,1311,1313,1315,1315,1317,1318,1319,1319,1319,1320,1320,1320,1321,1322,1323,1326,1328,1328,1328,1328,1328,1329,1329,1329,1329,1330,1330,1330,1332,1332,1332,1332,1338,1338,1338,1345,1345,1345,1345,1347,1347,1347,1364,1364,1364,1364,1376,1376,1376,1388,1388,1388,1388,1396,1396,1396,1407,1407,1407,1407,1418,1418,1418,1430,1430,1430,1430,1449,1449,1449,1453,1453,1453,1453,1455,1455,1455,1461,1461,1461,1461,1471,1471,1471,1481,1481,1481,1481,1483,1483,1483,1490,1490,1490,1490,1501,1501,1501,1510,1510,1510,1510,1530,1530,1530,1560,1560,1560,1560,1608,1608,1608,1667,1667,1667,1702,1737,1773,1811,1849,1884,1922,1936,1946,1977,2016,2056,2086,2102,2106,2125,2165,2182,2202,2246,2269,2276,2282,2314,2366,2400,2451,2477,2482,2488,2515,2537,2563,2578,2598,2604,2617,2645,2674,2702,2723,2748,2754,2778
03456,Grafschaft Bentheim (Landkreis),137162,1,1,1,1,1,1,1,1,1,3,5,5,5,11,15,23,23,29,29,29,35,44,52,62,82,84,87,92,101,109,121,130,132,137,152,160,166,170,178,180,181,186,188,196,199,205,206,206,207,209,213,213,215,216,216,220,223,225,225,225,225,225,229,228,228,229,233,234,231,232,233,233,233,233,233,233,233,234,234,235,235,235,235,235,235,236,237,238,238,238,238,238,238,240,242,245,245,247,247,247,247,247,247,247,247,247,247,247,247,247,247,247,247,247,247,247,247,247,247,247,248,248,248,248,247,248,249,249,249,249,249,249,249,250,254,254,254,254,254,254,258,258,259,259,259,259,259,260,261,261,261,261,261,261,262,263,263,265,265,265,265,267,267,269,269,270,271,271,271,273,274,277,277,278,280,281,281,281,281,281,282,282,282,282,282,282,282,282,282,283,284,286,286,286,288,289,290,291,292,292,292,293,293,294,296,297,297,297,297,298,304,310,315,316,316,324,333,346,356,376,396,422,421,478,488,507,517,554,573,573,585,634,677,702,732,750,756,775,829,864,900,929,1012,1014,1018,1036,1081,1112,1131,1161,1167,1169,1184,1207,1228,1236,1278,1280,1281,1297,1330,1375,1395,1424,1431,1433,1466,1478,1515,1532,1553,1556,1557,1580,1621,1649,1685,1742,1744,1744
16076,Greiz (Landkreis),97398,0,0,0,0,0,0,0,0,0,0,0,0,3,3,7,15,29,30,36,45,51,58,89,103,111,121,130,132,141,154,166,175,182,194,201,214,221,231,231,234,244,252,252,282,285,292,311,317,337,346,366,378,378,397,397,414,425,445,445,449,453,475,497,510,519,522,529,530,538,554,562,568,572,576,582,582,588,590,590,601,601,609,610,610,619,619,622,622,624,625,625,625,625,625,625,625,626,626,630,646,648,654,654,655,659,662,664,664,664,664,664,664,664,665,665,665,665,666,669,668,668,668,668,668,668,668,668,668,668,668,668,668,668,668,668,668,668,668,668,668,668,668,668,668,668,668,668,668,668,668,668,668,669,669,669,670,670,670,670,670,674,678,678,679,679,679,680,680,680,682,682,682,682,685,685,685,685,686,686,686,687,687,687,687,689,689,689,689,689,689,689,689,690,690,690,690,690,691,691,691,691,691,692,694,694,695,695,695,696,696,698,699,700,700,702,704,705,706,707,709,709,711,713,714,719,719,725,725,734,737,741,749,758,761,761,761,768,774,782,796,805,805,805,822,833,833,871,883,883,883,906,912,920,929,940,940,960,969,981,995,1009,1027,1027,1064,1080,1103,1123,1166,1201,1201,1233,1242,1278,1305,1345,1371,1371,1487,1502,1527
06433,Groß-Gerau (Landkreis),275726,1,1,1,1,1,1,1,2,2,3,8,10,10,12,21,25,48,57,85,87,103,120,135,137,151,183,191,191,209,223,235,236,245,251,262,270,271,283,301,305,305,305,319,332,352,356,358,359,373,375,388,395,399,399,401,410,418,426,431,433,433,433,440,444,451,464,467,470,468,483,485,485,486,486,491,491,496,499,504,504,505,509,511,511,516,524,525,525,525,525,524,524,524,527,530,530,530,531,531,531,531,533,533,533,533,536,541,542,546,546,546,547,547,547,547,547,547,547,547,547,551,551,553,553,551,557,558,565,566,572,572,572,576,577,579,583,584,584,584,584,584,584,585,585,585,585,589,589,591,597,601,601,601,605,611,621,623,630,630,649,654,655,659,677,691,691,691,701,715,729,757,772,772,772,789,794,796,801,805,810,810,826,833,839,843,848,860,860,877,884,904,917,931,936,936,947,952,974,986,992,994,994,1015,1029,1045,1059,1079,1097,1097,1111,1118,1145,1160,1172,1190,1190,1209,1226,1253,1253,1292,1330,1330,1361,1396,1452,1488,1537,1564,1564,1590,1668,1755,1824,1913,1966,1967,2006,2078,2227,2335,2431,2472,2476,2553,2666,2763,2866,2942,2982,3026,3166,3235,3353,3429,3518,3597,3597,3692,3757,3925,4003,4145,4209,4209,4293,4392,4531,4622,4719,4719,4719,4883,4944,5023,5133,5237,5347,5347,5415
09774,Günzburg (Landkreis),127027,0,0,0,0,0,0,0,0,0,0,3,3,3,3,3,11,11,14,25,26,30,37,54,77,77,90,101,104,117,125,130,138,140,149,149,161,169,169,170,172,174,183,192,203,204,204,207,208,210,211,212,214,214,214,215,219,219,220,220,221,222,225,225,229,229,229,232,232,232,234,234,235,235,235,235,235,236,236,236,236,236,237,237,236,237,237,237,237,237,237,237,237,237,237,237,237,237,237,237,237,237,237,237,237,237,237,238,238,238,238,238,238,238,238,238,238,238,238,238,238,238,238,238,238,238,238,238,238,238,238,238,239,240,240,240,240,240,240,240,240,245,245,245,245,245,248,249,251,254,254,254,254,254,255,255,256,256,257,257,260,261,266,270,270,274,274,280,281,284,289,293,294,294,294,295,299,304,307,311,311,313,320,329,332,343,343,343,353,355,355,355,361,361,364,366,366,369,372,377,377,381,384,387,395,402,402,402,402,416,421,422,424,426,426,426,437,441,444,449,452,452,452,462,465,468,476,492,492,523,525,529,549,549,573,590,590,590,639,696,726,767,767,767,767,847,916,1031,1115,1149,1160,1171,1231,1277,1317,1400,1458,1471,1489,1496,1525,1637,1697,1769,1815,1889,1918,1973,2035,2069,2104,2124,2166,2259,2323,2385,2463,2527,2565,2609,2625
05754,Gütersloh (Kreis),364938,0,1,1,1,1,1,5,5,15,27,45,45,80,91,134,157,179,202,219,224,254,277,315,335,356,362,373,387,401,432,446,470,481,487,504,522,531,537,544,545,551,551,555,563,570,576,581,582,582,590,591,588,588,588,588,587,587,591,592,594,595,594,595,596,597,598,598,598,600,600,601,608,608,611,611,638,643,633,633,637,638,638,642,655,656,662,681,681,681,681,692,697,702,705,705,705,705,708,737,737,751,751,751,799,822,1398,1417,1417,1618,1782,1782,2054,2054,2090,2203,2203,2286,2335,2335,2370,2388,2413,2423,2423,2467,2472,2487,2516,2532,2542,2547,2555,2562,2566,2574,2578,2579,2581,2590,2590,2593,2599,2602,2604,2608,2610,2612,2612,2618,2627,2628,2635,2639,2642,2650,2660,2666,2676,2687,2687,2695,2703,2727,2749,2764,2772,2774,2786,2787,2799,2808,2813,2813,2821,2825,2829,2833,2835,2837,2841,2842,2843,2851,2852,2868,2876,2880,2880,2881,2884,2895,2897,2901,2906,2907,2911,2914,2916,2923,2926,2929,2929,2932,2944,2953,2961,2967,2980,2980,2982,2996,3007,3019,3022,3033,3038,3042,3054,3066,3099,3117,3134,3143,3153,3183,3209,3254,3295,3315,3339,3343,3370,3419,3513,3580,3668,3715,3747,3811,3934,4082,4197,4283,4322,4396,4502,4613,4774,4911,4976,5041,5115,5227,5378,5499,5597,5720,5747,5784,5894,6057,6208,6305,6401,6494,6534,6634,6780,6857,6980,7100,7138,7212,7316,7414,7542,7673,7791,7834,7866
05914,Hagen (Kreisfreie Stadt),188686,0,0,0,0,0,1,3,3,3,3,3,6,6,8,21,28,28,31,42,43,49,52,56,56,62,62,81,80,82,92,96,101,114,119,122,125,135,141,149,162,169,172,173,183,189,193,199,201,204,207,227,230,238,245,249,251,251,253,255,261,261,267,269,272,280,292,296,300,305,306,307,307,315,315,317,317,321,325,325,325,326,327,327,327,327,327,327,327,327,329,330,330,330,330,330,330,330,330,332,332,332,332,344,346,346,349,350,357,360,365,367,367,379,382,387,396,396,402,403,407,407,411,412,416,416,416,416,421,426,430,433,433,433,435,439,443,446,448,451,451,455,456,472,475,475,478,478,478,481,485,488,499,504,504,506,512,515,523,532,541,546,559,566,571,580,588,588,589,602,607,616,623,626,629,631,633,636,642,648,654,658,661,665,672,674,681,682,683,685,687,692,695,695,710,713,716,719,724,729,734,735,737,738,743,747,761,766,777,779,780,785,798,807,816,828,844,847,890,897,924,934,962,975,981,1000,1019,1036,1053,1086,1091,1105,1146,1184,1255,1320,1376,1394,1409,1473,1517,1626,1682,1706,1805,1839,1929,2025,2112,2168,2252,2289,2324,2382,2460,2566,2666,2752,2784,2837,2909,2979,3039,3099,3182,3216,3324,3388,3436,3520,3615,3655,3745,3760,3836,3895,3987,4064,4152,4165,4182
15002,Halle (Saale) (Kreisfreie Stadt),238762,0,0,0,0,0,1,2,5,9,9,12,12,19,27,38,50,57,68,78,80,85,91,104,113,137,153,169,175,185,195,210,217,214,217,223,238,244,245,255,258,260,263,267,274,275,277,288,289,290,293,305,308,312,313,313,314,325,326,328,329,329,329,330,331,336,341,343,344,345,347,349,352,352,353,353,353,353,353,353,353,353,353,353,353,353,353,353,355,355,355,357,357,357,358,358,358,358,359,360,360,360,361,362,362,364,364,364,364,364,365,365,365,366,366,367,368,368,368,368,368,368,368,368,369,369,370,370,370,370,370,370,370,370,371,371,371,372,372,372,372,373,373,373,373,373,373,373,373,374,374,374,374,374,375,375,375,375,375,375,376,377,379,381,383,385,385,386,389,393,396,398,398,399,399,403,403,405,406,406,407,407,407,410,410,411,414,415,415,415,419,420,427,427,431,431,432,442,458,458,461,462,462,463,466,467,473,486,489,490,492,495,504,507,512,514,514,516,529,535,551,570,573,579,582,592,599,614,631,645,650,659,684,705,728,761,767,770,786,811,843,861,881,903,917,938,961,988,1017,1042,1063,1080,1101,1123,1146,1177,1209,1230,1248,1270,1299,1322,1349,1369,1400,1428,1461,1489,1520,1547,1579,1604,1629,1665,1698,1740,1796,1842,1877,1907,1946
02000,Hamburg (Kreisfreie Stadt),1847253,5,6,11,13,17,22,35,54,88,123,158,196,260,312,414,506,664,768,887,1043,1237,1450,1614,1759,1935,2078,2214,2290,2437,2557,2739,2882,3019,3088,3217,3370,3518,3642,3739,3817,3887,3925,3978,4064,4195,4297,4347,4368,4401,4449,4511,4558,4589,4636,4658,4682,4724,4801,4820,4831,4834,4843,4855,4881,4907,4925,4938,4946,4951,4964,4967,4973,5009,5021,5029,5034,5034,5045,5051,5055,5058,5061,5061,5064,5069,5071,5075,5081,5088,5096,5096,5096,5106,5110,5112,5114,5116,5120,5125,5133,5138,5138,5143,5146,5148,5150,5155,5159,5162,5169,5169,5174,5171,5172,5177,5187,5193,5200,5203,5206,5211,5216,5219,5219,5222,5222,5228,5230,5228,5229,5230,5230,5230,5232,5231,5236,5239,5239,5240,5243,5250,5274,5290,5303,5321,5325,5337,5355,5385,5401,5420,5435,5443,5460,5485,5529,5609,5663,5677,5690,5747,5773,5820,5849,5877,5886,5900,5926,5953,5988,6018,6045,6053,6082,6109,6136,6166,6192,6226,6249,6261,6312,6350,6395,6450,6485,6500,6526,6590,6625,6698,6762,6813,6824,6845,6916,6963,7009,7074,7149,7164,7229,7290,7368,7430,7549,7637,7689,7749,7836,7895,7983,8063,8175,8240,8338,8450,8543,8668,8813,8911,8963,9040,9152,9287,9455,9615,9746,9908,10001,10205,10406,10682,11042,11345,11513,11852,12152,12556,12946,13356,13752,14035,14286,14742,15130,15777,16262,16854,17139,17437,17859,18255,18915,19450,19978,20221,20406,20830,21076,21735,22097,22530,22702,22939,23331,23694,24054,24306,24606,24710,24860,25149,25475,25781,26277,26624,26855,27086,27367
03252,Hameln-Pyrmont (Landkreis),148549,0,0,0,0,0,0,0,1,1,2,3,3,7,9,13,19,23,26,27,28,28,32,38,44,60,70,70,73,79,82,83,89,89,89,92,94,97,99,100,100,102,103,108,109,112,114,116,116,120,122,122,123,123,123,124,125,130,130,130,130,130,132,132,132,132,132,132,132,132,132,132,133,134,134,134,134,134,135,135,135,135,135,135,135,135,135,135,135,135,135,136,136,136,136,143,143,143,143,143,143,143,143,143,143,146,146,146,146,146,146,146,147,148,148,148,148,148,149,149,150,150,153,153,153,154,154,154,154,154,154,154,154,154,155,155,155,155,155,155,156,156,156,157,157,157,157,161,162,162,163,163,163,163,169,172,173,173,173,173,174,175,178,183,184,184,184,184,184,184,184,188,188,188,190,192,193,194,198,198,198,201,201,204,206,204,204,204,205,208,208,212,212,212,212,216,219,221,222,223,223,223,225,229,232,235,237,237,237,238,239,244,246,248,248,248,250,256,258,260,261,261,261,263,267,276,276,278,278,278,280,283,299,314,327,327,327,341,376,401,422,445,490,507,522,549,576,605,624,639,643,655,663,686,713,766,799,804,829,856,871,898,947,954,984,1001,1025,1034,1060,1067,1082,1087,1100,1112,1122,1123,1138,1142,1157,1162,1178
05915,Hamm (Kreisfreie Stadt),179916,0,0,0,0,0,0,0,0,2,2,7,8,8,19,27,52,60,74,85,90,93,109,114,117,142,146,157,170,175,217,220,243,251,264,274,284,302,302,312,312,323,339,354,364,370,370,392,399,404,414,425,427,427,427,436,440,445,447,448,450,451,451,451,453,453,458,462,462,464,469,465,470,472,472,471,472,473,473,473,473,473,473,473,473,473,473,473,473,473,473,473,473,475,475,475,475,475,475,479,479,479,479,481,483,485,489,492,507,513,513,529,533,537,538,540,541,541,546,552,552,555,557,562,563,568,568,569,570,570,570,570,573,573,576,579,579,584,584,584,584,584,584,585,586,586,586,586,586,587,590,593,595,597,597,604,604,608,617,619,621,627,630,634,637,637,643,660,664,667,669,676,681,693,695,695,696,696,697,698,700,702,705,706,708,710,715,718,719,721,722,722,727,732,732,738,740,752,773,788,812,819,865,896,922,944,967,983,998,1035,1051,1088,1112,1142,1173,1186,1208,1221,1232,1253,1268,1274,1301,1325,1353,1380,1407,1425,1437,1450,1470,1503,1533,1565,1588,1603,1611,1623,1685,1700,1756,1817,1875,1908,1959,1975,2056,2096,2161,2242,2277,2356,2402,2469,2521,2589,2635,2704,2757,2827,2895,2991,3065,3145,3213,3282,3322,3380,3416,3452,3483,3566,3605,3623,3654,3699,3737,3804,3847,3871,3895
03353,Harburg (Landkreis),254431,0,0,0,0,0,3,3,3,5,11,11,11,11,18,39,48,62,74,87,87,95,114,126,134,149,154,156,168,208,228,265,266,275,291,298,316,330,344,355,372,374,386,392,402,415,431,438,438,444,460,467,471,484,485,486,487,497,499,503,503,504,504,505,508,514,515,515,515,516,516,518,519,521,523,524,523,526,528,528,530,530,531,531,531,531,531,531,531,531,531,531,531,532,534,534,534,534,535,539,540,542,542,542,542,542,546,546,546,546,547,547,549,549,549,549,549,550,550,550,550,553,553,553,553,554,555,557,557,558,558,558,559,559,562,562,564,564,564,565,565,566,566,567,567,567,571,571,575,579,579,579,579,583,589,593,593,600,600,600,610,613,617,622,629,629,629,632,636,640,641,646,646,646,649,655,655,656,656,656,656,663,664,673,676,683,683,683,689,696,699,708,715,715,715,723,727,738,745,756,765,767,768,773,784,790,796,796,796,836,845,852,861,864,864,864,882,884,892,912,919,919,919,940,947,959,976,989,989,989,1000,1012,1039,1056,1080,1080,1112,1114,1152,1180,1221,1250,1250,1250,1300,1331,1381,1421,1443,1520,1526,1537,1566,1621,1660,1693,1713,1715,1725,1759,1795,1820,1854,1876,1879,1882,1900,1928,1960,1985,2014,2019,2020,2054,2093,2123,2153,2183,2187,2193,2238
15085,Harz (Landkreis),213310,0,0,0,0,0,0,0,1,1,2,4,4,6,7,7,11,12,14,14,23,24,29,38,49,52,58,67,68,69,73,79,80,84,92,108,114,124,131,131,139,142,145,153,162,182,211,219,222,222,226,229,231,231,234,236,239,239,242,242,244,246,246,246,252,252,252,252,252,254,254,254,255,255,255,256,258,258,258,258,258,258,258,258,258,258,258,258,258,258,258,258,258,258,258,258,258,258,258,258,258,258,258,258,258,258,258,258,258,258,258,258,259,259,259,259,259,259,259,259,259,259,259,259,259,259,259,259,260,262,262,262,262,262,262,262,262,262,262,262,262,262,262,262,262,262,262,262,263,263,263,263,263,264,265,265,265,264,264,264,268,268,268,268,270,270,270,270,270,270,270,271,271,271,271,271,271,271,271,271,271,273,275,275,275,275,275,275,275,275,277,276,277,277,277,277,277,279,279,280,280,280,282,282,282,282,282,282,282,284,284,284,285,285,285,286,291,291,299,299,300,300,301,310,310,314,318,321,321,331,343,347,357,365,373,373,390,414,420,431,437,456,469,479,490,494,525,539,557,582,598,605,624,640,682,703,712,724,729,747,772,791,810,822,833,844,862,896,917,940,988,1006,1015,1030,1066,1092,1134,1191,1252,1275,1310
09674,Haßberge (Landkreis),84384,0,0,0,0,0,0,0,0,0,4,6,6,8,8,9,9,14,15,17,20,24,30,34,36,42,47,50,62,70,78,80,80,87,90,92,98,100,100,101,107,107,110,113,117,121,123,136,136,136,140,143,145,146,146,146,148,149,150,152,153,154,154,154,154,154,153,153,153,154,153,154,154,154,154,154,154,154,154,154,154,154,154,154,155,156,157,157,157,157,159,159,159,160,160,161,161,161,161,162,162,162,162,162,162,162,163,163,164,164,167,165,165,165,165,165,165,165,165,165,165,165,165,165,165,166,167,168,169,171,171,171,172,172,172,172,172,172,172,172,172,173,173,173,173,173,173,174,174,178,178,178,178,178,178,178,178,179,179,179,180,180,180,180,180,180,180,181,182,182,181,181,181,181,181,181,181,182,182,182,182,186,186,186,186,186,186,186,191,193,194,194,195,195,195,195,196,198,199,199,199,200,201,203,204,215,218,218,218,224,228,230,232,232,232,233,236,237,238,242,245,247,247,248,249,252,259,263,265,280,281,288,297,312,320,333,339,351,362,372,386,391,409,417,424,429,435,449,464,480,499,512,515,541,574,601,625,646,654,671,700,731,760,829,852,885,913,930,972,1005,1049,1073,1086,1107,1130,1169,1197,1213,1234,1242,1260
12063,Havelland (Landkreis),162996,0,0,1,1,1,2,2,2,3,3,3,3,4,6,8,8,10,10,18,21,21,26,29,38,42,46,48,51,64,72,79,81,92,103,104,112,119,124,127,129,129,132,133,136,137,140,142,142,143,145,150,150,150,150,150,154,154,156,156,159,159,161,162,162,162,164,165,165,165,165,166,166,166,168,168,168,168,169,169,171,171,171,170,170,171,171,171,171,171,171,171,171,171,171,171,171,171,171,171,171,171,171,171,171,171,173,174,178,178,184,184,184,186,186,186,187,189,189,189,190,191,193,193,193,193,193,193,193,193,193,193,193,193,193,194,195,195,195,195,195,196,196,196,196,196,196,196,196,196,196,196,196,196,196,196,196,196,196,196,196,196,196,198,199,199,200,200,200,200,200,201,203,203,203,203,210,210,211,212,212,211,212,212,212,214,214,216,217,218,222,225,226,228,228,228,231,238,239,241,241,241,241,243,245,246,249,250,251,250,252,258,260,264,268,269,270,272,274,281,284,290,290,290,300,307,313,323,335,338,339,340,347,366,389,408,413,428,428,449,474,491,508,538,538,542,568,592,613,634,634,634,664,675,696,718,734,734,734,768,800,824,846,898,923,942,1001,1046,1082,1113,1156,1184,1193,1223,1246,1289,1320,1364,1398,1408,1434
03358,Heidekreis (Landkreis),140673,0,0,0,0,0,0,0,0,0,1,1,1,1,1,2,4,4,5,6,7,10,10,15,21,21,25,25,28,30,33,36,41,41,44,44,48,52,52,52,52,52,56,57,59,61,62,62,62,63,64,65,66,66,67,66,67,69,69,69,69,69,70,70,71,71,71,71,71,71,71,71,71,71,71,71,72,72,72,72,72,72,72,72,72,73,73,73,73,73,73,73,73,73,73,73,73,73,73,73,73,73,73,73,73,73,73,74,74,74,74,74,75,75,75,75,75,75,74,74,75,76,76,76,76,76,76,76,76,76,76,76,77,77,78,78,79,79,81,81,81,83,83,83,83,83,84,84,85,85,85,85,85,85,85,85,86,87,89,89,89,89,90,92,92,93,93,95,96,98,100,100,100,100,102,103,106,111,111,111,111,111,112,114,114,114,114,114,114,114,114,115,116,116,116,116,117,117,117,118,118,118,119,119,120,121,121,121,122,124,124,124,123,124,125,125,124,125,128,131,134,134,134,136,139,143,146,152,152,155,158,161,169,172,178,191,193,201,208,225,251,283,298,298,316,325,348,368,378,402,403,412,424,447,471,489,525,525,543,556,587,609,631,667,667,679,684,705,731,762,776,780,783,792,812,839,863,892,892,900,930
08221,Heidelberg (Stadtkreis),161485,2,2,2,5,5,5,5,5,9,13,21,22,34,41,47,57,66,80,104,108,111,118,122,133,143,155,171,186,195,213,226,232,234,243,273,254,257,264,267,267,271,273,273,275,277,280,280,281,281,281,283,283,288,289,289,293,296,296,298,302,304,304,304,303,302,300,300,300,302,302,302,303,304,304,305,305,305,306,306,306,306,306,307,307,308,308,308,309,310,311,311,311,311,311,311,311,311,311,311,311,309,309,309,322,322,322,324,324,324,324,325,325,325,325,324,324,324,325,325,325,326,326,326,326,326,326,326,326,326,326,326,327,326,327,330,331,331,331,331,331,331,331,331,331,331,331,331,332,333,333,333,333,336,336,337,345,345,345,345,347,351,352,353,354,354,354,358,359,365,365,375,375,375,387,389,392,398,402,402,402,412,413,419,422,431,431,431,436,446,451,457,467,467,467,476,480,484,488,499,499,504,509,511,515,516,520,520,520,527,530,531,537,543,543,543,551,556,560,570,577,577,577,598,605,618,626,640,640,652,675,682,690,706,745,755,788,809,846,883,904,913,925,933,970,1013,1047,1097,1140,1186,1218,1250,1290,1331,1370,1422,1466,1478,1510,1544,1575,1607,1646,1682,1703,1719,1737,1755,1792,1822,1864,1889,1905,1933,1971,2011,2053,2124,2138,2176,2196
08135,Heidenheim (Landkreis),132777,1,1,1,3,3,3,3,3,8,14,19,21,21,31,37,40,50,59,62,62,79,129,163,169,172,178,178,218,227,254,263,280,287,291,309,317,321,331,360,360,360,368,379,387,407,395,398,403,405,409,411,415,419,419,420,420,459,462,477,483,483,484,486,488,488,494,498,500,501,502,502,505,505,505,505,505,505,506,506,508,508,508,508,508,508,508,509,509,509,509,509,509,509,509,509,509,509,509,509,509,509,509,509,509,509,509,509,509,509,509,509,509,509,509,509,509,509,513,514,514,514,514,514,514,514,514,514,514,514,514,514,515,515,516,517,519,519,519,521,521,521,522,529,529,529,535,537,538,539,539,539,539,539,539,539,539,539,539,539,540,540,543,543,544,544,544,548,550,552,555,557,557,557,559,561,561,566,567,567,570,570,570,572,574,576,579,579,584,584,589,589,590,593,593,592,598,602,604,605,605,605,610,611,614,614,615,619,619,621,622,627,627,627,630,630,629,631,632,638,638,641,642,643,648,648,650,653,668,681,684,713,725,738,773,815,822,828,856,885,908,922,957,978,984,1017,1043,1062,1102,1159,1168,1174,1244,1261,1307,1368,1393,1400,1407,1461,1500,1530,1565,1601,1608,1614,1639,1660,1681,1712,1759,1774,1783,1829,1880,1903,1934,1972,1985,1997,2045
08125,Heilbronn (Landkreis),344456,10,10,14,20,20,26,26,30,32,38,38,47,50,57,113,113,135,140,187,197,212,236,279,331,342,365,390,427,435,484,485,521,521,541,555,579,604,639,652,656,663,665,683,691,724,738,768,783,785,800,829,848,848,852,852,863,866,882,885,885,887,887,889,891,898,899,902,902,902,902,907,916,919,919,919,929,929,933,934,937,937,937,937,937,937,941,941,941,941,941,942,942,944,944,944,944,944,947,950,949,950,950,950,950,948,948,948,949,949,949,949,963,963,959,958,958,958,958,962,961,961,961,961,961,961,961,963,965,965,965,965,965,965,966,966,966,966,966,968,968,967,971,975,975,975,975,980,983,983,1007,1007,1007,1009,1009,1009,1011,1015,1015,1015,1023,1025,1030,1032,1033,1033,1033,1042,1052,1052,1061,1064,1082,1093,1101,1111,1111,1129,1135,1135,1135,1135,1157,1171,1171,1180,1189,1205,1211,1224,1231,1235,1248,1249,1252,1257,1263,1275,1287,1290,1290,1303,1303,1305,1319,1323,1323,1336,1352,1355,1360,1367,1367,1379,1379,1393,1400,1400,1422,1436,1452,1452,1475,1479,1488,1514,1535,1535,1577,1577,1598,1636,1683,1695,1781,1857,1857,1902,1944,2005,2155,2203,2265,2299,2356,2438,2541,2647,2647,2790,2847,2897,2957,3132,3246,3325,3406,3421,3462,3504,3546,3664,3733,3807,3888,3931,3968,4046,4094,4150,4202,4266,4317,4386,4495,4597,4709,4840,4921,5038,5109
08121,Heilbronn (Stadtkreis),126592,2,2,3,3,3,3,3,3,3,3,4,4,4,9,13,19,20,20,28,55,60,71,81,104,122,124,147,168,168,220,220,265,274,274,277,285,317,331,331,338,344,344,351,361,361,363,381,386,386,386,389,397,402,402,406,409,409,413,415,415,415,415,418,418,419,419,419,419,419,421,424,424,424,424,424,424,424,424,427,431,431,433,433,434,434,433,434,434,434,434,434,434,436,438,439,439,439,439,439,449,449,449,449,450,450,450,458,459,459,459,466,466,466,468,469,469,469,469,471,472,472,472,472,472,472,472,472,473,473,473,473,474,474,476,476,476,476,476,476,477,481,482,482,482,482,483,483,483,491,490,490,490,491,491,491,491,491,491,491,491,491,491,499,499,499,499,508,514,514,528,536,540,556,561,566,574,580,590,599,603,610,614,621,626,637,640,642,643,648,654,662,668,668,671,674,676,682,684,684,684,686,688,690,694,702,703,707,717,717,724,728,735,745,749,751,751,757,775,780,789,797,808,810,818,840,859,883,909,909,943,965,1000,1045,1063,1063,1128,1147,1163,1202,1255,1294,1335,1362,1384,1409,1459,1542,1601,1654,1654,1685,1723,1783,1839,1890,1929,1948,1952,1994,2057,2137,2195,2241,2278,2279,2304,2371,2416,2462,2515,2532,2536,2574,2628,2670,2740,2801,2887,2899,2928
05370,Heinsberg (Kreis),255555,114,197,214,283,300,323,365,403,483,558,589,663,690,755,811,890,916,916,964,1011,1043,1067,1153,1153,1202,1246,1281,1307,1373,1417,1436,1436,1461,1474,1495,1527,1537,1537,1573,1573,1577,1580,1610,1620,1635,1635,1684,1698,1707,1711,1718,1718,1718,1733,1739,1743,1743,1752,1752,1755,1755,1760,1765,1776,1783,1784,1784,1784,1788,1788,1793,1796,1797,1821,1849,1852,1859,1862,1862,1863,1863,1863,1871,1871,1874,1882,1882,1882,1882,1886,1885,1887,1889,1892,1892,1892,1892,1899,1898,1902,1903,1903,1903,1905,1908,1913,1916,1916,1916,1916,1926,1934,1940,1942,1948,1948,1948,1951,1953,1952,1954,1957,1957,1957,1957,1958,1958,1958,1958,1958,1958,1958,1958,1958,1958,1958,1958,1958,1958,1970,1967,1967,1967,1976,1976,1976,1975,1978,1978,1980,1983,1983,1983,1985,1994,1996,2000,2001,2001,2003,2004,2005,2010,2012,2012,2012,2022,2023,2024,2031,2034,2042,2042,2043,2047,2056,2063,2070,2071,2071,2069,2072,2076,2080,2080,2081,2081,2089,2091,2092,2094,2095,2098,2098,2101,2107,2117,2120,2128,2133,2133,2133,2139,2144,2150,2156,2156,2156,2162,2165,2173,2181,2187,2187,2187,2191,2196,2206,2211,2224,2231,2231,2244,2253,2270,2301,2324,2337,2337,2347,2370,2400,2426,2476,2504,2504,2551,2616,2653,2704,2784,2790,2790,2849,2926,2983,3019,3097,3133,3133,3178,3270,3316,3392,3486,3552,3552,3575,3722,3782,3887,3997,4075,4075,4162,4253,4331,4400,4468,4513,4513,4558,4662,4722,4798,4863,4901,4901,4951,5013
03154,Helmstedt (Landkreis),91297,0,0,0,0,0,0,0,0,0,2,2,2,2,2,5,9,9,16,18,18,24,26,39,45,45,53,60,65,69,76,78,82,82,84,84,91,105,130,130,141,141,141,152,153,157,157,157,127,127,128,128,130,140,143,134,134,138,138,138,138,138,138,137,137,137,137,137,137,137,137,138,138,138,138,138,138,138,138,138,138,138,138,138,140,140,141,141,141,141,141,141,141,141,141,141,141,141,141,141,141,141,141,141,141,141,141,141,141,141,141,141,141,141,141,141,141,141,141,141,141,141,141,141,141,141,141,141,141,141,141,141,141,141,141,141,141,141,141,141,141,141,141,141,141,141,141,142,142,143,143,143,143,143,144,145,145,145,145,150,150,150,150,150,150,150,150,153,154,154,154,154,154,154,155,155,156,157,158,158,158,158,161,162,162,162,162,162,163,163,163,163,165,165,165,165,165,165,166,167,167,167,168,170,170,170,170,170,170,172,172,173,174,174,174,174,174,174,174,174,176,176,177,178,181,181,183,185,186,189,191,192,195,197,204,204,207,210,211,224,233,238,241,241,249,255,255,269,284,284,286,291,298,311,322,337,337,337,367,378,390,404,413,426,426,430,442,452,462,465,469,469,473,476,479,479,482,488,488,491,495
05758,Herford (Kreis),250578,0,0,2,2,2,2,2,4,5,19,22,26,26,36,52,72,84,95,97,99,104,117,122,133,138,144,148,152,176,194,213,232,232,241,251,258,267,267,282,282,287,290,293,296,299,300,303,304,292,300,308,315,316,317,317,317,317,323,323,323,325,325,326,326,326,327,327,327,328,328,328,328,329,329,329,330,330,330,330,330,330,330,331,331,331,331,331,331,331,331,331,331,331,331,331,333,333,336,336,338,338,338,338,338,340,342,345,346,354,354,358,358,364,365,369,375,375,378,377,382,384,387,389,389,393,393,395,397,397,397,397,397,397,397,397,398,400,400,401,402,404,406,413,415,416,417,417,421,432,435,436,437,437,438,443,444,454,461,461,469,477,487,491,496,515,534,523,525,528,533,538,539,539,543,543,545,546,548,551,553,554,554,554,555,556,558,560,562,563,569,571,573,573,574,575,575,577,582,592,603,603,608,611,616,623,628,636,636,645,645,649,651,653,654,660,665,665,678,690,700,721,721,745,745,753,761,770,788,808,825,827,855,900,956,1010,1010,1111,1188,1260,1340,1412,1503,1560,1657,1742,1820,1910,2002,2088,2130,2194,2213,2258,2348,2415,2472,2564,2580,2597,2662,2771,2827,2886,2943,2956,2975,3019,3080,3139,3194,3249,3268,3294,3355,3419,3481,3541,3635,3667,3686
05916,Herne (Kreisfreie Stadt),156449,0,0,0,0,0,0,2,2,4,4,5,8,8,8,13,13,16,23,23,27,27,41,42,45,51,55,57,58,64,66,68,68,69,72,78,86,90,93,97,100,102,102,106,120,119,122,126,130,130,134,138,144,149,149,150,159,152,163,166,166,166,167,167,167,171,176,176,176,176,177,181,184,184,185,185,186,186,186,186,186,186,186,188,188,188,189,192,192,192,192,194,194,195,199,201,202,201,201,201,201,202,202,202,204,203,203,211,211,211,211,221,225,225,232,234,234,234,242,244,248,249,250,250,250,257,257,269,270,268,268,268,269,269,270,271,274,274,274,274,275,276,276,276,277,277,277,279,299,302,311,317,317,320,325,331,336,339,339,339,362,364,365,366,386,386,406,415,416,422,426,431,431,431,437,445,447,449,452,452,452,457,458,459,463,466,466,466,469,475,476,479,485,485,485,488,488,489,492,500,502,502,507,510,520,526,531,539,539,539,543,553,559,566,574,574,580,590,595,620,654,678,709,709,733,744,765,797,861,888,906,916,954,1004,1083,1133,1209,1258,1322,1249,1316,1422,1492,1535,1592,1670,1711,1753,1810,1907,2009,2076,2114,2165,2219,2332,2421,2497,2524,2612,2682,2771,2835,2895,2932,2950,2987,3026,3094,3150,3209,3238,3252,3269,3293,3340,3406,3442,3498,3516,3561
06632,Hersfeld-Rotenburg (Landkreis),120719,0,0,0,0,0,0,0,0,6,6,6,12,12,15,17,20,29,30,31,33,33,36,39,44,53,54,58,64,76,99,120,124,127,136,140,142,151,158,162,166,177,180,182,184,188,191,192,194,195,195,195,195,195,195,195,195,195,195,196,198,198,197,198,198,198,198,198,198,198,198,199,199,200,200,200,201,202,202,203,204,204,204,205,209,212,215,216,221,222,222,222,223,233,235,244,245,246,249,256,256,256,260,261,261,261,266,276,282,283,287,289,290,291,292,296,296,300,300,300,301,301,301,309,311,311,311,314,315,315,315,315,315,315,315,315,315,315,315,315,315,316,317,318,318,318,319,323,324,325,327,327,327,328,328,328,331,333,333,334,334,335,335,336,339,339,339,341,341,341,341,342,343,345,346,346,346,346,346,346,346,347,347,348,348,349,349,349,349,349,349,350,351,351,351,361,365,368,369,370,370,370,370,370,371,373,373,373,373,377,379,379,380,380,382,382,381,381,382,383,383,383,385,388,389,390,393,396,398,405,408,415,427,434,447,456,456,470,482,498,518,535,542,553,571,579,600,613,631,645,655,673,678,700,733,755,763,768,772,788,809,844,867,879,894,905,921,940,959,982,997,1014,1022,1044,1076,1108,1141,1156,1173,1196,1216
01053,Herzogtum Lauenburg (Kreis),198019,1,1,1,1,2,2,2,3,3,5,5,12,12,13,19,21,24,24,36,39,51,52,56,71,80,80,80,92,112,115,135,147,155,155,162,178,178,183,183,198,198,204,205,222,222,225,235,235,236,237,249,253,255,255,259,260,261,262,262,262,262,262,262,263,264,264,264,264,265,265,266,266,266,266,266,266,266,266,266,266,266,266,264,264,265,265,265,265,265,265,265,266,266,266,266,266,266,266,266,266,266,266,266,266,266,266,267,267,267,267,267,267,267,269,269,269,269,269,270,270,270,270,270,270,270,270,270,270,270,270,270,270,270,272,272,272,272,272,272,273,273,275,275,275,275,276,278,281,281,281,281,281,281,282,283,289,290,290,290,290,290,291,292,292,292,292,293,293,293,293,294,294,294,296,299,305,307,307,307,307,310,314,317,317,319,319,319,320,321,321,322,324,324,324,327,330,336,338,340,342,343,344,349,351,353,355,355,356,360,361,361,361,363,363,363,368,368,371,375,377,377,377,382,391,392,394,400,400,400,411,424,437,458,467,486,494,499,533,555,579,594,606,613,625,642,658,679,691,726,733,745,756,781,800,815,828,832,834,859,875,895,917,932,932,943,959,978,1005,1029,1041,1049,1055,1072,1110,1126,1143,1165,1176,1181,1221
16069,Hildburghausen (Landkreis),63197,0,0,0,0,0,0,0,0,0,0,0,0,0,0,0,0,0,1,1,1,2,3,6,6,7,7,9,10,10,10,11,11,11,11,11,11,13,14,14,15,15,15,15,16,16,18,18,18,18,18,19,19,20,20,20,20,20,23,23,23,23,24,24,27,28,30,31,31,31,32,32,32,32,32,32,32,33,33,35,35,38,42,42,42,42,42,42,45,45,45,46,46,54,55,56,56,56,56,56,58,58,60,61,63,63,63,65,67,67,69,69,69,70,70,72,72,72,72,72,72,72,74,74,77,77,77,79,79,80,80,80,82,83,84,84,84,84,84,84,84,84,84,84,84,84,84,84,84,84,84,84,84,84,84,84,85,86,86,86,86,87,87,87,89,89,89,89,90,90,90,90,90,90,90,90,90,90,90,90,90,90,90,91,91,91,91,91,91,91,92,93,93,93,93,93,93,94,94,94,94,94,94,94,94,94,94,94,94,94,94,96,96,96,96,96,96,96,96,97,97,97,97,99,99,100,100,100,100,101,101,103,104,105,110,114,137,138,141,158,165,185,192,208,209,244,254,282,297,316,344,346,357,400,433,455,489,510,510,525,578,600,646,689,754,760,830,911,981,1044,1065,1126,1126,1162,1200,1241,1306,1354,1411,1411,1421
03254,Hildesheim (Landkreis),275817,0,0,0,2,2,2,3,3,3,3,14,31,31,44,66,84,89,97,97,100,114,123,144,152,152,152,153,161,172,180,189,197,197,197,204,211,215,224,226,227,227,230,237,251,259,262,269,273,277,285,290,290,292,292,290,296,297,299,304,308,310,305,310,316,326,341,351,351,344,345,349,349,351,351,351,353,361,361,380,382,382,382,386,388,388,388,389,389,389,389,391,394,395,398,398,398,400,400,401,401,401,401,401,402,402,404,405,408,408,408,409,409,415,415,415,415,415,416,416,417,417,417,417,417,418,418,419,420,420,420,420,420,422,421,421,426,426,433,433,433,435,435,436,436,438,438,438,440,441,442,446,448,448,451,453,454,454,454,454,454,455,459,463,463,463,466,466,468,471,471,473,473,473,476,482,482,486,489,489,489,493,494,494,497,498,499,499,503,504,508,508,508,511,512,513,513,521,531,540,540,544,546,546,554,555,565,565,566,566,567,574,580,583,584,592,596,599,614,624,631,631,635,639,655,660,668,678,678,693,700,709,747,782,840,901,935,946,1011,1093,1161,1218,1252,1312,1335,1361,1400,1460,1513,1555,1587,1620,1657,1707,1749,1820,1862,1897,1909,1923,1969,2019,2073,2127,2165,2190,2206,2268,2300,2349,2396,2445,2473,2503,2503,2599,2678,2724,2760,2767,2780
05958,Hochsauerlandkreis (Kreis),259777,0,0,0,0,0,0,1,1,13,25,25,31,49,80,82,82,85,116,131,149,160,166,173,203,229,241,255,284,312,328,364,379,396,403,414,421,478,481,488,498,510,513,520,526,536,540,547,547,548,550,555,560,565,565,565,567,572,581,583,583,583,584,584,584,588,588,590,591,592,596,597,599,600,600,600,605,607,607,607,607,607,607,607,607,607,607,608,608,608,609,609,609,609,609,609,609,609,610,610,611,611,611,614,614,614,614,614,616,616,616,619,619,620,621,622,622,622,624,624,624,625,625,625,625,626,627,629,646,647,647,647,670,671,677,689,693,693,693,698,698,698,700,701,701,701,701,703,703,706,715,715,715,723,724,732,735,739,739,739,749,755,759,768,775,775,780,783,788,790,795,801,804,806,809,810,811,815,815,815,818,821,825,826,827,830,833,835,838,840,843,844,845,845,845,849,852,853,854,860,863,863,870,874,876,878,881,881,881,883,886,889,890,891,891,900,904,906,915,923,926,926,933,941,946,953,964,975,978,978,1008,1027,1040,1073,1116,1125,1161,1243,1297,1345,1373,1454,1454,1523,1605,1662,1736,1806,1882,1900,1926,2026,2093,2186,2252,2311,2314,2419,2516,2550,2618,2660,2713,2741,2764,2802,2835,2867,2895,2948,2961,2977,3026,3049,3089,3113,3166,3166,3190,3248,3271
06434,Hochtaunuskreis (Landkreis),236914,1,1,2,2,2,2,3,3,4,5,7,9,18,20,28,40,52,52,67,72,76,88,108,111,129,131,139,146,161,163,172,177,177,184,190,200,206,208,211,211,211,212,214,217,218,221,222,222,224,228,230,231,231,232,232,233,236,238,242,243,243,243,245,245,245,245,247,249,249,249,249,249,249,251,251,251,253,254,259,259,260,263,264,265,273,274,277,277,281,281,281,282,284,285,285,285,285,286,286,286,286,286,286,286,286,286,287,287,288,288,288,288,288,288,288,288,288,288,290,290,290,291,292,292,292,291,295,296,295,295,295,295,296,296,296,296,296,296,298,298,298,300,302,302,302,302,303,304,305,307,307,307,307,311,312,314,321,323,323,323,325,325,327,329,329,329,329,338,339,346,354,357,357,357,358,364,368,372,372,372,372,377,380,384,390,390,390,390,400,402,407,416,422,422,422,431,435,440,458,462,462,462,477,482,485,492,497,497,497,508,513,517,525,536,536,536,546,553,562,582,597,608,608,627,647,677,707,732,765,765,785,825,878,905,949,997,1005,1044,1095,1162,1201,1260,1282,1297,1320,1355,1411,1472,1521,1581,1601,1678,1777,1866,1926,1983,2053,2090,2107,2164,2264,2344,2403,2475,2493,2526,2621,2656,2707,2707,2743,2787,2836,2899,2939,2979,2979,3024,3070,3123
09464,Hof (Kreisfreie Stadt),45825,0,0,0,0,0,0,0,0,1,1,1,2,4,4,5,9,9,20,21,21,21,25,29,33,53,55,62,68,72,77,77,80,89,89,93,94,95,100,105,107,113,114,115,118,119,121,121,123,123,123,123,128,128,128,128,129,130,131,131,131,131,131,131,131,131,132,132,132,132,133,134,134,134,135,136,136,136,136,136,140,141,141,141,141,141,141,141,141,141,141,142,142,142,142,142,142,142,142,142,142,142,142,142,142,142,142,142,142,142,142,142,142,142,142,142,142,142,142,142,142,142,142,142,142,142,142,142,142,142,142,142,142,142,142,142,142,142,142,142,142,142,142,143,143,143,143,143,143,143,143,143,143,143,143,143,143,143,143,143,145,145,145,146,146,146,146,147,147,151,152,155,155,155,156,156,157,157,157,157,157,157,157,159,159,160,164,164,164,166,166,166,166,171,171,172,173,174,176,178,182,182,183,183,187,187,188,188,188,188,188,188,189,189,189,189,189,190,191,191,192,192,192,193,193,194,195,196,200,203,204,204,204,212,215,217,221,221,225,234,237,247,253,257,264,265,273,275,286,306,311,320,326,332,357,378,385,395,406,406,412,455,467,488,513,539,543,563,580,621,638,648,661,668,672,703,724,745,791,832,840
09475,Hof (Landkreis),94801,0,0,0,1,1,1,1,1,1,1,2,5,6,7,7,13,17,30,36,41,56,60,65,75,89,89,91,130,140,153,168,181,181,173,192,213,219,224,227,233,251,254,256,271,276,288,288,302,307,307,307,338,344,347,348,350,353,359,361,373,374,375,375,380,381,385,389,390,390,390,394,394,394,396,402,403,403,403,407,408,416,424,425,426,427,427,425,426,426,426,426,426,426,426,426,426,426,426,426,426,426,426,426,426,426,426,426,426,426,426,426,426,426,426,426,426,426,426,426,426,426,426,426,426,426,426,427,427,427,427,427,427,427,427,427,428,428,428,434,434,441,443,463,469,469,474,474,475,475,477,478,478,478,478,478,478,479,479,479,479,479,480,481,482,483,483,484,486,489,492,496,497,497,498,498,499,499,502,502,502,502,503,503,503,503,507,507,510,509,511,512,513,517,517,519,519,527,527,527,532,533,533,533,534,536,536,539,539,542,543,545,548,550,551,552,552,553,553,553,554,555,555,558,563,569,570,572,578,580,580,582,582,600,602,624,628,628,640,655,664,669,695,700,708,712,753,761,766,790,803,818,822,850,880,921,939,955,982,988,1003,1054,1091,1123,1152,1177,1187,1224,1263,1315,1340,1356,1372,1374,1381,1420,1450,1474,1512,1566,1573
08126,Hohenlohekreis (Landkreis),112655,0,1,1,1,1,2,2,6,9,25,29,54,54,151,167,178,182,222,222,257,278,278,302,350,404,421,453,453,478,508,537,549,557,583,594,600,629,644,651,661,661,670,677,684,695,700,700,701,709,717,731,733,733,733,740,745,744,744,744,744,744,744,747,747,750,753,757,757,757,757,747,754,756,756,756,761,761,761,761,766,766,766,766,766,767,768,769,769,769,769,770,770,770,770,770,770,770,770,770,770,770,770,770,772,772,777,777,777,777,777,777,779,779,779,779,779,779,779,781,781,781,781,781,781,781,781,786,786,786,786,786,786,786,786,786,786,786,786,787,788,788,788,788,788,788,788,789,789,789,789,789,789,790,795,795,795,795,795,795,795,795,795,800,800,800,800,800,800,803,803,803,804,804,804,805,809,809,810,812,812,814,817,817,819,819,823,824,824,829,830,833,833,834,835,835,838,839,840,841,842,842,842,849,849,849,849,856,859,860,867,867,867,868,869,869,877,877,880,881,883,893,893,898,906,906,916,917,923,924,927,938,960,972,976,984,986,988,1003,1019,1033,1057,1083,1095,1102,1132,1150,1177,1203,1215,1216,1224,1240,1256,1283,1330,1346,1348,1349,1384,1412,1467,1492,1521,1522,1523,1548,1576,1599,1629,1640,1642,1644,1660,1673,1700,1708,1722,1724,1725,1763
03255,Holzminden (Landkreis),70458,0,0,0,0,0,0,0,0,1,1,1,1,9,13,14,19,23,27,27,29,30,36,39,44,47,47,55,62,62,70,73,76,79,79,79,85,91,92,95,95,95,95,95,98,99,99,99,100,100,103,103,104,104,104,104,104,104,104,104,104,104,104,103,103,104,104,104,104,104,104,104,104,106,106,106,106,106,106,106,106,106,106,106,106,106,106,106,106,106,106,106,106,106,106,106,106,106,106,106,106,106,106,106,106,106,106,106,106,106,106,106,106,106,106,106,106,106,106,106,106,106,106,106,106,106,106,106,106,106,106,106,106,106,106,106,106,106,106,106,106,106,106,106,106,106,106,106,106,107,107,107,107,107,107,107,107,107,107,107,107,108,108,109,109,109,109,109,114,114,114,114,114,114,114,117,117,118,119,119,119,119,120,120,122,122,122,124,124,125,126,126,126,126,126,126,127,127,130,130,130,130,130,130,131,132,132,132,132,135,135,135,135,135,136,136,136,138,138,138,138,139,139,140,141,141,142,142,143,143,144,146,146,146,146,146,146,147,147,150,152,157,162,165,165,172,177,181,189,189,189,190,192,199,203,206,206,206,209,213,223,229,234,243,243,243,247,256,268,275,277,277,282,285,307,309,327,327,339,343,349
05762,Höxter (Kreis),140251,0,0,0,0,0,0,0,0,0,0,2,2,2,4,7,12,16,20,21,21,22,29,34,49,55,63,66,71,72,78,99,122,148,152,154,157,167,180,189,211,223,225,233,235,243,250,257,255,256,265,266,277,279,279,280,282,284,286,293,302,303,305,308,310,312,314,315,317,322,324,324,331,331,332,333,333,334,336,343,343,345,346,349,351,352,353,353,353,354,354,354,354,358,359,360,363,363,363,363,365,365,365,365,365,365,366,366,366,366,366,367,368,370,370,371,371,371,371,371,371,372,372,372,372,372,372,372,372,372,372,372,372,373,373,373,373,373,373,373,373,373,374,374,374,374,374,376,376,376,378,378,379,379,379,379,379,379,382,383,384,384,386,387,389,389,390,392,393,396,397,399,400,400,400,401,401,402,407,408,408,409,410,410,411,411,411,413,413,413,416,417,418,418,420,422,423,424,427,430,430,431,431,431,433,439,440,440,440,440,441,442,443,444,445,445,445,446,448,449,452,457,460,460,461,469,472,481,481,485,488,495,504,513,526,548,581,588,590,624,651,689,717,736,739,749,786,807,849,872,881,894,903,931,959,983,1004,1016,1021,1030,1052,1079,1121,1161,1195,1204,1205,1249,1284,1320,1346,1385,1391,1394,1425,1464,1495,1520,1543,1550,1560
16070,Ilm-Kreis (Landkreis),106249,0,0,0,0,0,0,0,1,1,1,1,1,1,2,3,4,5,7,11,13,20,24,30,43,51,55,58,61,65,72,79,80,93,95,97,98,101,102,102,102,102,103,103,104,107,110,112,112,116,120,120,121,121,121,121,121,121,121,123,123,123,123,124,126,126,126,128,129,129,129,129,129,129,129,129,129,129,129,130,130,130,130,130,130,133,135,136,136,136,136,136,136,136,136,136,136,136,136,136,136,136,136,136,136,136,136,136,136,136,136,136,136,136,136,136,136,136,136,136,136,136,136,136,136,136,136,137,137,137,137,137,137,137,137,140,143,143,143,143,143,144,144,144,144,144,144,144,144,146,146,146,146,146,149,149,150,150,150,150,152,153,154,154,154,154,154,154,154,157,157,157,158,158,158,158,158,158,158,158,158,158,158,158,162,164,165,167,168,168,171,171,173,173,173,173,184,188,196,199,209,209,210,210,213,213,215,215,215,215,216,218,218,218,218,218,218,218,218,218,222,222,225,228,229,233,234,243,243,246,250,250,253,255,259,264,273,275,278,283,288,300,307,316,316,322,332,341,347,347,355,368,377,389,409,439,452,482,518,526,547,601,622,622,693,709,722,758,775,799,815,827,852,860,878,902,925,954,954,995,1006
09161,Ingolstadt (Kreisfreie Stadt),137392,0,0,0,1,1,1,1,1,1,1,1,3,3,3,3,4,4,5,5,12,14,27,29,46,76,79,80,96,108,114,163,188,205,215,250,272,278,292,305,322,327,332,338,351,369,372,372,384,388,391,393,396,400,402,404,405,406,411,411,414,414,414,414,416,418,421,421,423,426,430,435,439,436,436,440,442,443,445,445,451,452,456,456,456,458,460,463,464,464,464,466,467,467,467,467,467,469,470,470,470,470,470,470,471,472,472,474,474,474,474,478,479,480,481,482,485,485,486,487,488,488,489,489,489,489,490,490,490,490,490,490,490,492,492,494,494,494,494,499,499,504,506,513,513,513,517,524,527,534,538,538,538,549,552,561,563,565,565,565,570,573,574,580,586,586,586,594,598,612,626,627,630,630,638,643,652,670,680,680,680,693,701,706,706,711,713,713,722,724,729,731,738,739,739,744,749,753,763,765,768,768,771,772,776,777,782,785,787,788,791,794,797,803,803,803,817,827,833,841,851,856,860,873,879,892,903,917,917,931,957,965,989,1008,1040,1069,1087,1098,1124,1144,1174,1221,1261,1301,1338,1354,1382,1434,1461,1478,1511,1540,1559,1586,1692,1722,1779,1835,1850,1868,1893,1926,1968,2017,2032,2063,2083,2110,2145,2182,2213,2228,2234,2240,2254,2280,2314,2343,2360,2372,2384
16053,Jena (Kreisfreie Stadt),111343,0,0,0,0,0,0,0,0,0,2,8,9,12,20,30,45,55,55,77,90,93,94,102,110,114,116,117,122,126,135,136,139,142,145,147,148,155,155,155,155,155,155,155,155,155,155,155,155,155,155,156,157,158,158,158,158,158,158,158,158,158,158,158,159,159,159,158,158,158,159,159,159,159,159,159,159,159,159,159,159,159,159,159,159,159,159,159,160,160,160,160,160,160,160,160,160,160,160,160,160,161,161,161,161,161,161,161,161,161,161,161,161,161,161,161,161,161,161,161,161,161,161,161,161,161,161,161,161,161,162,162,163,163,163,163,163,163,163,163,163,163,163,163,163,163,163,163,163,163,163,163,163,163,163,163,163,163,163,163,164,164,165,165,165,165,165,165,165,167,167,167,167,167,167,167,170,170,171,171,174,174,175,178,179,179,182,182,182,183,184,188,188,191,192,195,195,200,201,203,204,204,207,209,210,210,210,210,211,211,215,217,217,219,224,225,227,228,234,237,242,242,246,250,250,254,256,260,263,263,273,281,294,303,311,324,327,327,339,352,360,376,392,392,396,410,418,428,439,449,452,454,468,479,496,525,547,552,556,577,587,599,617,643,649,653,665,687,714,742,762,770,774,779,800,832,862,884,890,915,932
15086,Jerichower Land (Landkreis),89589,0,0,0,0,0,0,0,0,0,1,1,1,1,1,3,3,6,6,6,7,10,13,16,16,16,16,18,20,20,20,22,22,25,26,27,28,28,28,28,28,28,28,29,30,31,31,31,31,32,32,32,33,33,33,33,33,33,33,33,33,33,33,33,33,33,33,33,33,33,33,33,33,33,33,33,32,32,32,32,32,33,33,34,34,34,34,33,33,33,33,33,33,33,33,33,33,33,33,33,33,33,33,33,33,33,33,33,33,33,33,33,33,33,33,33,33,33,33,34,34,34,34,34,34,36,36,36,36,37,37,37,39,39,39,40,40,40,40,41,45,45,45,45,45,45,46,48,48,48,48,48,48,49,50,51,52,52,52,52,52,52,52,53,53,53,53,53,53,53,53,53,53,53,56,56,57,58,60,60,61,61,61,61,61,63,63,63,63,63,63,63,63,63,63,63,63,63,63,63,63,63,64,64,64,64,66,66,66,66,66,66,66,66,66,67,69,71,72,74,74,74,74,74,74,76,78,85,85,99,110,110,136,142,146,146,168,176,186,204,216,223,236,244,248,251,280,298,333,333,338,343,370,396,406,439,439,451,464,489,528,544,582,582,599,605,620,633,640,660,660,675,682,697,721,744,751,751,769,772,789
07312,Kaiserslautern (Kreisfreie Stadt),100030,3,3,4,4,4,4,4,4,5,6,9,9,9,9,11,13,13,19,24,30,36,46,48,53,53,54,56,59,63,69,70,71,71,72,78,78,79,80,82,82,82,85,89,92,94,94,94,99,102,103,103,103,103,108,108,109,110,115,121,121,122,122,123,125,127,127,130,130,131,132,133,133,134,138,140,145,148,151,152,153,156,156,157,157,157,157,157,159,159,160,160,160,168,174,175,176,176,177,177,178,178,179,179,179,179,179,179,179,179,179,179,179,180,180,180,180,180,180,180,180,180,181,181,181,181,181,183,183,187,187,187,187,187,203,203,203,203,203,203,203,207,207,209,209,209,209,209,210,210,211,211,211,211,211,211,211,212,212,212,212,215,215,217,217,218,218,218,219,225,230,230,233,236,238,241,243,246,247,249,249,251,252,253,254,256,257,257,257,258,258,260,260,263,265,267,270,270,271,272,273,273,273,276,277,277,281,283,283,283,284,287,289,293,297,297,298,301,301,309,312,320,313,313,315,319,326,333,337,337,339,344,359,373,396,412,424,425,434,444,477,520,523,545,569,593,613,651,683,708,724,730,762,780,804,842,851,873,887,896,921,947,958,978,978,1002,1011,1034,1061,1075,1091,1091,1111,1126,1140,1153,1167,1187,1187,1213,1222
07335,Kaiserslautern (Landkreis),105979,0,0,0,0,0,2,3,3,3,3,5,5,11,13,13,13,20,28,36,41,48,52,54,59,61,61,69,74,78,80,80,82,82,80,87,87,87,90,91,91,92,92,97,98,99,99,99,99,99,100,100,101,101,101,101,101,101,101,101,101,102,102,102,102,103,103,104,104,104,104,106,106,106,106,106,106,106,107,107,108,108,108,108,108,108,108,108,108,108,108,108,108,109,110,110,110,110,110,110,110,110,110,110,111,111,111,111,111,111,112,112,113,115,116,116,117,117,117,117,117,117,117,117,117,117,117,118,118,119,119,119,119,119,124,124,126,126,126,126,126,132,132,133,133,133,133,133,137,137,137,137,137,137,137,142,142,146,146,146,146,150,150,152,152,156,156,156,159,163,167,167,174,174,181,182,183,186,187,189,196,196,196,200,201,204,206,206,206,215,215,218,218,220,220,221,229,231,233,235,236,236,236,238,240,242,242,243,243,245,248,249,251,252,258,258,262,273,273,325,328,356,335,335,338,344,351,366,367,367,367,371,380,391,405,418,433,434,454,466,489,540,540,559,595,631,663,722,763,788,825,839,860,915,947,1042,1053,1081,1102,1114,1147,1190,1224,1246,1246,1282,1304,1323,1370,1382,1416,1416,1449,1464,1493,1525,1551,1578,1578,1597,1609
08215,Karlsruhe (Landkreis),445101,0,1,2,4,4,5,9,13,16,16,29,29,43,56,77,99,151,171,186,188,203,227,252,282,308,353,365,373,410,452,484,621,640,657,669,686,704,762,811,812,812,819,822,839,865,890,905,905,909,918,928,951,959,961,961,961,962,969,971,986,986,986,987,989,993,993,996,997,997,997,1001,1001,1001,1006,1010,1010,1012,1013,1023,1029,1031,1033,1035,1036,1036,1036,1042,1044,1044,1044,1044,1044,1047,1047,1049,1051,1051,1051,1053,1053,1055,1055,1061,1062,1062,1062,1062,1062,1063,1066,1066,1066,1070,1072,1074,1081,1085,1085,1089,1093,1093,1099,1100,1100,1100,1101,1101,1101,1102,1102,1102,1102,1107,1109,1111,1112,1112,1114,1117,1118,1121,1125,1127,1131,1134,1134,1133,1135,1139,1144,1152,1154,1154,1154,1156,1158,1160,1163,1164,1165,1166,1170,1172,1178,1181,1187,1187,1191,1196,1207,1214,1224,1232,1233,1246,1255,1269,1275,1287,1288,1288,1291,1298,1310,1317,1326,1329,1329,1341,1346,1350,1357,1367,1373,1373,1377,1389,1396,1399,1406,1413,1414,1418,1427,1437,1445,1457,1467,1468,1477,1491,1497,1510,1528,1543,1556,1559,1582,1608,1620,1634,1647,1651,1672,1697,1715,1753,1788,1817,1826,1833,1848,1953,2018,2078,2157,2189,2236,2314,2415,2523,2643,2758,2783,2830,2988,3109,3230,3346,3442,3541,3575,3683,3806,3956,4040,4119,4131,4180,4282,4414,4496,4572,4644,4666,4682,4778,4862,5031,5138,5225,5231,5249,5360,5474,5594,5731,5818,5859,5885
08212,Karlsruhe (Stadtkreis),312060,1,1,1,3,3,3,3,3,8,8,14,14,25,31,43,55,57,60,71,80,94,106,111,131,144,152,161,163,178,197,206,228,238,245,256,270,279,291,306,311,311,322,324,328,326,330,335,335,339,341,352,355,356,366,366,366,368,378,380,381,383,383,384,385,385,391,393,393,393,394,393,391,391,390,391,391,391,391,391,391,391,391,391,391,392,392,392,393,395,395,395,395,395,396,397,397,399,398,398,398,399,399,399,399,399,399,400,400,404,404,404,404,404,404,411,423,429,429,432,435,439,440,440,441,441,443,443,445,446,447,447,447,447,447,448,448,448,448,451,451,452,452,452,453,454,454,454,454,456,458,459,459,460,460,462,463,463,469,472,472,474,475,480,487,489,495,495,499,505,511,522,525,529,529,539,547,550,556,565,569,569,575,581,589,593,600,604,604,606,608,612,616,625,631,631,635,647,656,664,669,670,670,671,679,688,691,697,700,700,704,720,725,735,737,741,742,745,751,763,775,790,795,801,817,835,849,877,898,919,926,935,958,1034,1085,1125,1180,1200,1248,1304,1393,1489,1586,1670,1696,1735,1865,1938,1997,2064,2125,2189,2209,2267,2355,2424,2482,2537,2537,2562,2639,2717,2792,2855,2947,2953,2972,3034,3101,3161,3198,3230,3231,3243,3335,3405,3447,3509,3571,3597,3627
06611,Kassel (Kreisfreie Stadt),202137,0,0,0,0,0,0,0,0,3,9,10,10,10,15,26,34,38,43,43,43,46,53,62,67,75,81,84,84,89,93,98,101,103,103,109,117,128,137,144,147,150,153,158,166,180,187,194,194,196,203,207,209,220,226,226,229,248,258,266,272,275,278,279,283,286,287,290,291,294,301,301,305,304,304,305,305,306,308,310,313,314,317,317,317,317,318,318,319,319,319,319,320,323,323,327,328,328,328,329,329,335,335,335,335,335,339,359,357,357,361,361,361,366,372,374,375,377,377,377,379,380,381,381,381,382,383,384,386,386,387,387,387,387,390,390,394,395,395,395,395,397,397,397,398,398,398,398,399,400,401,402,402,404,404,406,411,419,429,430,431,432,439,445,447,466,470,472,480,485,492,497,501,502,507,509,514,516,519,521,523,523,525,525,528,529,532,534,535,543,541,544,545,547,552,552,554,555,557,559,562,565,569,568,572,576,580,581,582,587,587,591,591,596,599,603,607,607,617,621,629,643,648,648,648,803,820,842,863,879,889,892,911,965,1007,1040,1064,1072,1112,1130,1189,1268,1291,1360,1390,1412,1458,1487,1542,1597,1631,1669,1702,1753,1795,1855,1874,1909,1929,1949,1982,2014,2060,2105,2157,2177,2187,2232,2265,2309,2352,2417,2432,2460,2503,2528,2590,2636,2687,2718,2746
06633,Kassel (Landkreis),236764,0,0,0,0,0,1,1,2,3,5,11,12,12,18,27,32,38,39,44,44,46,51,61,74,77,81,82,87,95,100,106,112,114,118,120,142,153,170,186,197,215,219,223,228,235,242,257,260,263,270,284,292,304,310,311,313,318,324,329,333,338,339,339,350,350,351,356,361,361,361,363,363,368,370,370,370,371,372,373,376,376,378,378,379,382,383,383,384,385,385,385,386,387,387,388,388,388,388,389,389,391,391,394,396,396,397,397,398,405,405,405,405,406,409,409,409,409,409,409,409,409,409,409,409,410,410,410,410,412,413,413,413,413,414,414,415,416,416,416,416,417,419,421,427,428,430,430,431,433,435,435,439,439,439,443,454,457,463,463,463,463,464,466,467,476,480,481,483,484,488,495,497,503,506,506,508,508,510,512,512,512,518,519,520,520,522,523,523,527,533,534,537,538,541,543,544,544,546,549,550,551,554,554,555,557,561,561,562,562,563,566,572,573,577,580,582,583,586,590,592,596,605,611,613,625,637,651,662,667,677,682,719,780,802,830,838,843,873,890,941,990,1028,1064,1076,1099,1138,1164,1204,1245,1276,1304,1335,1385,1428,1479,1510,1549,1581,1592,1628,1682,1733,1770,1816,1827,1845,1883,1938,1985,2035,2082,2102,2125,2162,2219,2294,2337,2368,2402,2429
09762,Kaufbeuren (Kreisfreie Stadt),44398,0,0,0,0,0,0,0,0,0,1,1,2,5,5,5,5,7,7,7,7,8,11,15,16,18,30,31,32,32,41,45,52,56,61,60,66,69,72,72,77,77,80,80,84,90,93,93,96,96,96,98,98,99,99,99,99,101,102,102,103,103,103,103,106,106,106,106,106,106,106,106,106,107,107,107,107,107,107,107,108,108,110,111,111,111,111,111,111,111,111,111,111,111,111,111,111,111,111,111,111,111,111,111,111,111,110,110,111,111,111,111,111,111,111,111,111,111,111,111,111,111,111,111,111,111,111,111,111,111,111,111,111,111,111,111,111,111,111,111,111,112,112,112,113,113,113,113,113,113,113,113,113,113,113,113,113,113,113,113,114,114,114,115,115,116,116,118,118,119,119,119,121,121,130,130,129,132,132,132,132,134,134,138,138,139,142,143,143,145,156,159,159,173,176,177,181,181,181,181,181,181,191,193,195,196,197,197,197,200,200,201,204,206,209,209,209,210,213,215,216,216,219,219,223,226,227,228,237,237,237,240,252,273,278,285,285,295,308,344,357,374,367,388,403,413,432,444,459,459,478,487,497,519,531,550,550,570,610,625,660,680,692,714,728,768,774,794,799,816,816,827,829,854,884,902,919,935,942,948,957
09273,Kelheim (Landkreis),123058,0,0,0,0,1,2,2,3,3,3,3,6,6,6,14,22,26,36,42,50,56,62,76,89,101,126,127,132,154,193,218,238,258,266,278,283,317,330,340,351,355,359,364,378,387,392,396,404,404,408,416,424,426,427,428,429,430,434,436,437,438,438,438,439,439,441,441,441,441,441,441,445,445,445,445,445,446,447,447,448,448,448,449,449,449,449,450,450,450,450,450,450,450,450,450,450,450,450,450,450,450,450,450,451,451,453,453,453,453,453,454,454,454,456,456,456,456,457,457,458,458,460,461,461,465,465,465,465,471,471,471,471,472,473,477,478,478,478,483,484,484,485,485,485,485,487,488,489,490,495,495,495,500,500,501,501,505,505,505,507,508,510,512,526,526,526,530,534,543,543,558,558,558,577,577,583,592,596,596,596,609,610,614,618,619,619,619,626,627,631,637,639,639,639,644,650,651,654,656,656,656,662,663,663,665,667,667,667,674,675,676,676,678,678,678,681,683,685,688,691,691,691,695,700,701,705,712,712,712,728,730,733,743,749,750,750,767,771,784,813,825,832,843,857,872,897,928,960,998,1024,1046,1099,1143,1167,1192,1218,1246,1254,1276,1308,1340,1380,1417,1430,1447,1458,1482,1506,1556,1583,1595,1610,1632,1649,1668,1696,1727,1760,1778,1784
09763,Kempten (Allgäu) (Kreisfreie Stadt),69151,0,0,0,0,0,0,0,0,0,0,0,4,4,4,4,4,4,4,4,4,24,28,30,34,38,39,40,42,43,44,49,53,53,58,60,65,67,81,84,88,90,91,92,95,96,98,98,99,101,101,102,102,102,102,102,102,102,102,102,102,102,102,102,102,102,102,102,102,102,102,102,102,102,102,102,102,102,102,102,102,102,102,103,103,103,103,103,103,103,103,103,103,103,103,103,103,103,103,103,103,103,103,103,103,103,103,103,103,103,103,103,105,105,105,105,105,105,105,105,105,105,105,105,105,105,105,105,105,105,105,105,105,105,107,107,108,108,108,108,108,108,108,108,108,108,114,114,116,117,121,121,121,122,122,124,126,126,126,126,126,126,127,127,127,127,127,131,133,135,137,139,139,139,139,139,139,144,144,144,144,144,149,149,156,156,156,156,164,164,166,172,172,172,172,176,178,178,179,180,180,180,185,186,186,186,187,187,187,188,188,188,188,190,190,190,190,191,195,199,201,201,201,206,207,208,213,218,218,218,231,236,242,261,276,276,293,316,335,343,347,357,350,354,353,388,388,458,476,476,476,547,547,579,601,651,663,693,693,695,714,762,734,776,795,799,801,816,839,855,870,881,889,890,893,908,932,945,956,959,968
01002,Kiel (Kreisfreie Stadt),246794,0,0,0,0,0,0,0,6,7,11,12,13,17,18,25,34,36,37,41,51,51,63,66,74,74,100,114,121,124,136,146,157,160,164,169,170,175,187,192,195,195,198,199,217,217,218,221,221,235,240,245,246,248,253,254,257,261,264,265,265,266,266,271,271,274,275,275,277,277,278,278,278,278,278,278,278,278,278,278,278,278,278,278,278,278,278,278,279,279,279,279,279,279,279,279,279,279,279,279,281,281,281,281,281,281,281,281,281,281,281,281,281,281,282,282,282,284,285,287,289,294,294,294,294,294,295,296,296,296,296,296,296,296,296,302,305,305,308,308,308,311,311,312,312,314,314,317,322,327,332,332,332,334,338,343,349,350,350,350,352,360,370,373,377,386,390,391,393,405,410,418,419,420,422,423,423,428,429,431,431,431,433,433,435,434,434,435,436,436,442,445,447,447,447,447,450,450,450,451,453,453,456,456,458,459,459,460,460,460,463,466,471,473,474,475,475,479,480,483,483,484,484,488,490,492,497,504,504,514,519,530,546,559,569,578,582,585,585,619,633,648,668,675,690,717,732,744,770,787,798,813,832,859,875,892,914,921,935,964,985,1013,1039,1068,1077,1099,1135,1169,1207,1226,1246,1257,1267,1298,1323,1372,1402,1435,1441,1476,1523
09675,Kitzingen (Landkreis),91155,0,0,0,0,0,0,0,1,1,1,4,5,5,5,9,10,11,11,13,13,14,18,18,23,29,29,29,29,34,40,46,56,60,61,68,72,75,79,82,83,82,82,83,87,90,91,98,101,101,125,126,141,144,144,144,144,168,171,175,178,176,183,183,184,183,184,184,184,184,184,185,186,186,186,186,186,188,188,191,191,192,192,192,189,189,190,190,190,191,191,191,191,191,191,191,191,191,191,191,191,191,191,191,191,191,191,191,191,191,191,191,191,192,192,191,191,191,191,191,191,191,191,193,193,193,193,193,193,195,195,195,195,195,195,195,195,195,195,195,195,195,197,197,197,197,197,197,197,197,197,197,197,198,198,198,198,198,198,198,198,198,199,201,201,202,202,208,208,209,209,210,212,212,212,213,218,219,220,222,222,224,227,233,238,238,238,238,243,243,243,249,255,255,255,258,261,263,265,274,274,274,282,282,285,285,286,287,287,293,296,296,297,297,298,298,303,304,304,306,307,308,309,309,311,311,319,323,328,348,352,359,371,387,401,401,446,460,476,491,517,542,542,542,590,605,619,644,674,674,693,695,700,720,734,745,759,765,766,771,793,809,842,842,861,862,874,885,902,933,933,957,958,965,977,989,997,997,1015,1031,1047
05154,Kleve (Kreis),312465,0,0,0,0,0,0,0,2,7,10,10,36,42,70,74,83,111,111,121,131,142,162,179,211,211,236,237,247,260,278,288,303,304,304,317,333,343,401,421,422,425,434,438,447,469,475,479,482,491,500,511,522,533,538,545,549,559,565,568,570,572,573,575,580,584,590,592,599,604,604,608,612,621,625,627,629,636,641,644,647,654,655,659,660,687,689,705,705,705,709,714,717,731,733,733,742,743,750,757,757,764,764,774,778,780,783,788,791,791,795,796,798,801,805,811,811,814,816,816,816,817,819,819,819,821,822,823,823,823,823,823,823,823,823,827,828,828,829,833,834,835,835,835,835,835,835,839,841,847,903,917,920,923,923,925,931,941,945,957,960,967,973,978,984,986,994,997,1002,1006,1008,1012,1022,1021,1024,1027,1029,1032,1031,1036,1037,1038,1039,1043,1046,1046,1048,1047,1048,1049,1050,1052,1052,1052,1055,1059,1064,1066,1069,1073,1079,1079,1081,1087,1091,1094,1096,1096,1108,1113,1118,1122,1130,1148,1153,1150,1167,1178,1187,1206,1217,1232,1246,1260,1270,1275,1303,1320,1341,1351,1381,1405,1426,1464,1521,1584,1577,1610,1651,1701,1741,1791,1791,1868,1887,1953,2049,2131,2235,2286,2316,2363,2436,2500,2565,2606,2666,2666,2709,2778,2830,2874,2950,2980,3017,3039,3067,3103,3154,3208,3228,3252,3281,3361,3410,3453,3479,3526,3537,3582,3631
07111,Koblenz (Kreisfreie Stadt),114052,0,0,0,1,3,5,5,5,6,8,8,8,21,27,36,42,51,60,67,75,95,109,122,127,138,141,141,148,155,157,164,167,167,177,190,201,205,210,214,215,217,218,224,229,230,235,238,240,243,246,246,248,252,255,258,259,259,261,262,262,262,262,260,262,263,264,264,264,264,264,264,264,264,264,264,265,265,264,264,264,264,264,264,264,265,265,265,265,265,265,265,265,265,265,265,265,265,266,266,266,266,266,266,266,266,266,266,266,266,266,266,266,267,267,267,267,267,267,267,267,267,267,267,267,267,267,267,270,271,272,272,272,272,272,272,273,273,273,273,274,275,275,275,275,275,275,275,277,277,281,283,283,283,285,285,286,286,288,288,288,292,295,302,303,303,303,306,311,313,315,315,324,324,328,326,327,329,331,331,331,331,333,334,334,334,334,334,334,334,334,335,335,335,335,338,339,342,342,343,343,343,345,351,352,352,354,355,355,359,358,360,361,364,366,366,371,371,378,379,383,383,383,395,399,401,414,420,425,430,432,439,448,458,480,499,499,507,530,565,577,598,620,621,645,700,728,766,802,808,837,883,906,934,962,976,991,1006,1033,1045,1087,1106,1141,1172,1173,1202,1248,1272,1301,1320,1325,1351,1373,1389,1425,1474,1499,1499,1509,1528,1556
05315,Köln (Kreisfreie Stadt),1087863,12,15,18,29,29,33,33,43,65,123,180,244,301,384,478,586,679,773,817,857,921,1002,1075,1161,1249,1319,1369,1431,1540,1666,1715,1748,1768,1792,1839,1865,1947,1993,2016,2027,2054,2067,2095,2119,2143,2162,2171,2177,2184,2207,2225,2234,2245,2253,2259,2267,2277,2294,2317,2322,2325,2330,2338,2352,2366,2377,2386,2389,2389,2394,2403,2407,2414,2422,2423,2427,2437,2440,2440,2446,2451,2455,2457,2460,2465,2469,2474,2478,2479,2479,2480,2483,2489,2495,2506,2504,2506,2508,2517,2517,2526,2526,2535,2541,2547,2549,2556,2562,2573,2582,2582,2585,2587,2589,2597,2597,2600,2600,2602,2609,2614,2618,2625,2627,2627,2633,2647,2663,2677,2694,2695,2701,2714,2741,2766,2777,2777,2779,2816,2829,2854,2859,2871,2884,2902,2903,2915,2930,2949,2967,2982,2995,3013,3029,3051,3085,3094,3113,3134,3155,3179,3203,3233,3265,3300,3322,3334,3359,3385,3415,3439,3464,3475,3498,3524,3539,3556,3588,3626,3636,3670,3693,3715,3742,3780,3793,3837,3858,3876,3925,3932,3975,4040,4090,4127,4159,4206,4260,4300,4373,4472,4503,4519,4596,4649,4691,4783,4858,4896,4938,4984,5057,5146,5217,5277,5328,5377,5449,5592,5726,5837,5954,6065,6122,6246,6384,6588,6744,6893,7093,7219,7419,7675,7966,8307,8640,9078,9272,9663,10047,10418,10781,11122,11516,11647,11986,12347,12894,13167,13452,13774,13969,14222,14483,14932,15232,15515,15722,15878,16175,16476,16826,17120,17450,17523,17643,17948,18213,18473,18670,18865,19030,19171,19401,19674,19942,20184,20409,20526,20642
08335,Konstanz (Landkreis),286305,0,0,0,1,1,1,1,2,10,23,28,28,36,45,45,62,69,84,84,91,95,110,118,136,145,145,185,203,234,247,262,267,267,307,327,336,360,360,386,386,394,400,405,410,424,424,424,436,437,447,452,454,454,454,464,472,472,476,476,482,482,482,482,486,488,489,489,489,492,494,495,496,496,496,496,496,496,497,497,498,498,498,500,502,502,502,503,503,503,503,503,503,504,504,504,504,504,504,505,505,505,505,505,505,505,505,505,505,505,505,505,505,505,505,505,505,505,505,506,506,506,506,506,506,506,506,506,506,507,507,507,510,511,511,511,512,512,512,520,522,528,533,537,537,537,548,552,552,561,567,567,567,573,573,575,580,583,583,583,585,587,601,603,604,604,604,610,611,617,628,633,633,633,639,640,643,655,657,657,657,665,668,673,676,680,680,680,688,689,692,696,700,700,700,712,714,731,738,748,748,757,764,768,771,777,779,779,779,786,787,790,793,799,799,799,812,819,828,849,858,858,858,890,897,909,922,936,936,936,981,992,1020,1051,1076,1110,1110,1174,1246,1315,1397,1473,1473,1473,1574,1649,1730,1822,1892,1929,1929,2095,2112,2158,2229,2290,2290,2305,2478,2504,2579,2674,2716,2744,2744,2865,2890,2933,2957,3041,3078,3079,3160,3192,3251,3328,3385,3397,3417,3499,3530
05114,Krefeld (Kreisfreie Stadt),227417,0,0,0,0,0,0,0,0,10,10,21,35,36,43,54,62,73,84,92,92,97,117,138,147,185,210,208,211,225,240,251,264,264,269,272,292,305,315,321,323,326,326,335,360,373,392,400,402,412,426,436,441,460,471,474,478,487,497,503,520,526,527,527,531,537,542,548,551,553,556,566,570,578,583,592,593,598,608,612,613,615,617,617,617,621,624,629,629,630,630,631,632,635,636,638,641,641,641,642,642,643,643,643,644,644,644,644,644,644,644,647,648,649,651,652,652,652,659,660,666,666,668,668,668,674,674,675,676,676,676,676,679,679,683,686,688,688,689,689,691,692,695,699,701,701,705,706,709,711,717,722,725,732,737,740,743,744,747,747,757,758,762,764,768,768,772,778,784,787,788,793,796,796,804,809,812,820,826,826,828,829,837,845,845,853,853,869,872,878,887,901,907,907,911,919,921,935,945,956,956,964,964,967,968,973,981,990,990,997,1000,1014,1021,1024,1031,1031,1043,1049,1060,1067,1077,1077,1077,1094,1119,1133,1154,1190,1203,1232,1249,1258,1285,1329,1382,1418,1456,1528,1576,1608,1674,1774,1883,1883,1991,1991,2107,2201,2264,2377,2459,2477,2521,2592,2643,2709,2777,2838,2838,2879,2935,3005,3146,3217,3293,3293,3380,3444,3518,3585,3585,3634,3688,3769,3803,3862,3924,3968,4014,4031,4071
09476,Kronach (Landkreis),66743,0,0,0,0,0,0,0,0,0,0,2,2,3,3,4,4,4,12,13,16,26,27,34,46,46,52,52,54,54,62,65,70,73,73,73,81,87,92,92,95,96,96,98,105,107,116,116,118,119,126,129,129,131,131,131,132,136,137,138,140,141,141,143,144,145,148,150,150,150,150,152,153,153,155,156,155,156,156,156,156,156,157,157,157,159,161,161,161,161,163,163,164,164,164,164,164,164,164,165,165,165,167,167,167,167,167,167,167,167,167,168,168,169,169,168,168,168,168,168,168,168,169,169,169,169,169,169,170,170,170,171,171,171,171,171,172,172,172,173,173,173,173,173,173,173,173,173,174,174,174,174,174,174,174,174,174,175,175,175,175,175,175,175,175,175,175,175,175,177,177,177,177,177,178,178,178,178,178,178,178,178,178,179,179,179,179,179,180,180,181,181,182,182,182,184,184,184,184,184,184,184,185,185,185,185,185,185,185,186,186,186,186,186,186,186,188,188,193,195,197,197,197,198,198,203,203,206,206,207,207,207,222,228,231,232,242,249,261,271,288,299,307,327,336,355,378,386,406,429,445,455,464,480,501,516,541,568,583,629,639,661,703,720,748,774,792,829,845,871,883,893,907,912,939,963,982,1001,1021,1029,1038
09477,Kulmbach (Landkreis),71566,0,0,0,0,0,0,0,0,0,0,1,1,1,1,12,12,12,21,21,33,33,42,52,69,69,74,74,80,93,95,102,102,106,117,124,130,138,138,138,149,149,161,166,168,175,175,175,179,179,179,188,189,189,190,196,201,213,215,215,215,220,220,228,230,230,238,238,238,238,240,243,244,244,244,244,244,244,244,244,244,244,244,244,244,244,245,245,245,245,245,245,245,245,245,245,245,245,245,246,246,246,246,246,246,246,246,246,246,246,246,246,246,246,246,246,246,246,246,246,246,246,246,246,246,246,246,246,246,246,246,246,246,246,246,246,246,246,246,246,246,246,246,246,246,246,246,246,248,248,248,248,248,248,249,249,249,249,249,249,249,249,250,250,251,251,251,253,253,256,256,257,257,257,258,258,258,258,258,258,258,258,258,258,258,258,258,258,258,259,260,265,265,269,269,283,298,298,301,302,302,305,305,308,311,311,314,314,316,316,317,317,318,318,318,319,320,321,322,324,325,325,325,325,326,329,342,343,345,348,349,351,354,370,379,379,383,419,462,481,505,517,519,553,559,570,588,589,600,600,607,611,615,623,630,637,637,642,642,647,653,662,669,669,677,680,697,708,718,730,730,741,745,765,789,808,827,827,838,847,870
07336,Kusel (Landkreis),70219,0,0,0,0,0,0,0,0,0,1,13,13,14,14,18,18,18,19,21,23,25,30,31,35,35,45,45,46,52,54,60,60,64,64,68,69,71,76,76,76,81,81,82,84,84,84,84,84,84,85,85,87,87,87,87,87,87,87,87,87,87,88,88,88,89,89,89,89,89,90,90,90,90,90,90,90,91,91,91,91,91,91,91,91,91,91,91,91,91,91,91,91,91,91,91,91,91,91,91,91,91,91,91,91,91,91,91,91,91,91,91,91,91,91,91,91,91,92,92,96,96,96,96,96,96,96,96,96,96,96,96,96,96,97,98,98,98,99,98,98,99,99,99,99,99,99,99,102,102,102,102,105,105,105,114,114,114,114,115,115,115,115,115,115,115,115,116,116,119,119,121,122,122,122,122,123,125,126,126,127,127,127,127,127,127,127,127,127,127,128,128,128,130,130,130,130,130,130,130,132,132,133,133,133,133,134,135,135,135,136,136,136,136,136,136,136,136,139,139,140,141,141,141,142,144,144,147,147,150,150,152,166,171,181,181,184,193,198,208,223,242,253,274,284,299,328,356,407,410,439,490,495,529,556,587,592,631,649,669,682,702,733,740,762,782,789,807,839,872,881,895,895,903,918,940,961,971,987,994,997
16065,Kyffhäuserkreis (Landkreis),74212,0,0,0,0,0,2,2,2,5,6,6,6,8,8,8,8,10,12,12,12,12,15,17,19,19,19,19,19,23,23,25,27,27,27,28,28,36,36,36,35,35,35,35,35,35,35,35,35,36,36,37,37,37,37,37,37,39,39,39,41,41,41,41,41,41,41,41,41,43,43,44,44,44,44,45,45,45,45,45,45,45,45,45,45,45,45,45,45,45,45,45,45,45,45,45,45,45,45,45,45,46,46,48,48,48,48,50,50,50,50,50,52,52,52,52,52,52,52,52,52,52,52,52,52,52,52,52,52,52,52,52,52,52,52,52,52,52,52,52,53,53,53,55,55,55,55,55,55,55,55,55,55,55,55,55,55,55,55,55,55,55,55,55,55,55,56,56,56,56,56,56,56,58,58,61,62,62,62,62,62,62,62,62,62,62,62,62,62,62,62,62,62,63,63,63,63,63,63,63,64,64,64,64,64,64,65,65,65,65,65,65,65,65,67,68,68,68,68,68,69,70,71,71,71,72,73,74,76,76,76,77,78,84,84,84,85,85,87,90,98,106,118,121,122,123,139,154,164,167,180,184,190,202,212,230,251,257,259,264,281,295,330,354,358,362,366,377,396,423,443,469,471,483,496,520,554,588,610,614,620
06532,Lahn-Dill-Kreis (Landkreis),253319,2,2,2,2,2,4,4,4,5,5,9,10,18,21,21,23,66,87,87,87,87,96,110,138,138,152,176,181,200,219,227,227,227,266,264,273,285,296,311,311,308,310,311,315,318,320,322,324,324,325,326,331,331,334,334,334,335,335,335,335,335,335,336,336,339,341,341,343,343,343,342,342,342,342,342,342,342,342,342,343,343,347,347,347,347,347,347,347,347,347,347,347,347,347,347,347,347,347,347,347,348,348,348,348,348,348,348,351,351,351,348,348,348,348,349,349,349,350,350,350,350,350,350,351,351,352,353,354,355,355,356,356,355,355,356,356,356,356,356,358,359,359,362,362,362,368,371,373,373,376,376,377,377,380,383,388,391,391,393,393,394,396,398,402,402,402,412,416,418,420,424,426,433,433,442,445,445,447,447,447,450,450,450,454,456,456,461,461,461,461,465,470,470,473,474,477,488,494,495,495,504,504,508,515,519,525,525,530,530,530,534,547,556,556,577,577,582,595,609,631,631,658,657,672,688,708,730,730,768,769,792,823,885,946,1007,1072,1097,1148,1184,1283,1356,1435,1526,1514,1567,1605,1705,1780,1843,1847,1872,1922,1969,2025,2083,2169,2174,2174,2247,2321,2433,2540,2633,2637,2639,2718,2801,2896,2999,3064,3100,3100,3144,3180,3261,3322,3405,3406,3407,3465
07313,Landau in der Pfalz (Kreisfreie Stadt),46881,0,0,0,0,0,0,0,0,0,0,0,0,1,2,2,4,4,6,8,8,18,18,19,29,32,35,35,38,43,46,47,48,48,51,51,55,61,62,62,62,65,65,65,67,67,69,69,64,69,70,71,71,71,71,72,72,72,72,72,72,72,73,73,73,73,73,73,73,73,73,73,73,73,73,73,73,73,73,73,73,73,73,73,73,73,73,73,73,73,73,73,73,73,73,73,73,73,73,73,73,73,73,73,73,73,73,73,73,73,73,73,73,73,73,74,74,74,74,74,74,74,74,74,74,75,75,75,75,75,75,75,75,75,75,75,75,75,75,75,75,75,75,75,75,75,75,75,75,75,75,75,75,75,75,75,75,75,75,75,76,77,77,78,78,78,78,80,81,81,84,87,87,87,88,88,89,89,89,89,89,91,92,92,92,92,92,92,94,94,94,94,94,94,94,94,97,97,97,97,97,97,97,97,97,97,97,97,97,97,97,97,98,98,98,98,98,98,100,101,105,105,105,107,109,109,115,118,118,118,128,127,130,134,138,138,138,142,150,161,165,174,174,174,187,197,200,203,209,209,209,224,231,242,258,270,270,270,281,284,298,309,317,317,317,326,332,341,344,351,351,351,360,363,371,380,395,395,395,417,424
09181,Landsberg am Lech (Landkreis),120302,0,0,0,0,0,2,2,2,3,3,3,4,5,10,14,14,18,24,44,48,51,55,98,109,110,124,136,138,156,163,175,206,217,223,236,254,271,277,277,286,286,290,290,296,300,301,303,303,306,307,323,323,323,324,324,324,330,330,331,331,331,332,332,336,339,339,347,347,350,350,353,353,355,357,357,359,359,361,362,362,362,362,362,364,364,364,364,364,364,364,365,365,365,365,365,365,365,365,363,363,363,363,363,363,363,365,365,365,365,365,365,365,367,368,368,370,370,370,370,371,372,372,372,372,372,372,372,372,372,373,373,373,373,373,373,373,373,373,373,373,373,374,375,375,375,376,376,377,377,378,378,378,378,378,378,378,378,378,378,378,380,380,381,381,382,382,382,389,390,393,398,402,402,402,404,404,408,415,416,416,416,419,420,429,435,435,435,435,447,448,452,458,459,459,459,462,462,465,465,471,471,471,472,475,474,475,478,478,478,478,480,482,483,484,484,484,487,489,494,498,504,504,504,518,522,531,556,562,562,562,587,591,606,626,641,641,641,677,694,711,727,800,819,819,831,875,942,957,990,1014,1014,1062,1083,1119,1142,1171,1199,1231,1238,1264,1277,1292,1338,1338,1338,1391,1411,1469,1510,1539,1558,1558,1600,1610,1664,1694,1742,1763,1764,1852
09261,Landshut (Kreisfreie Stadt),73411,0,0,0,0,0,0,0,0,0,1,1,4,4,4,4,12,24,24,32,38,38,42,71,81,81,91,93,118,131,136,147,153,163,160,161,184,201,207,207,220,220,223,226,238,240,244,244,249,249,250,250,252,252,254,258,258,262,263,263,266,267,267,269,269,269,269,270,271,271,271,274,274,274,275,275,275,275,275,275,275,275,275,276,276,276,277,277,277,277,277,277,277,277,277,277,277,277,282,282,281,281,281,281,281,281,281,280,279,279,280,280,279,279,280,280,280,280,280,280,280,280,280,281,281,282,283,283,283,283,283,283,283,283,283,284,284,284,284,284,285,285,285,285,287,287,287,290,290,290,290,290,290,290,290,290,291,292,294,294,294,294,296,296,298,298,298,302,303,306,307,309,312,312,319,323,325,325,328,337,337,343,346,349,357,364,371,371,384,385,387,393,396,401,401,407,409,413,417,421,425,425,425,431,432,438,440,444,444,445,450,455,459,461,465,465,465,467,467,469,470,471,471,476,476,476,476,478,480,483,490,490,493,501,511,524,524,539,551,556,561,598,603,612,612,638,658,670,686,708,722,731,747,756,777,800,819,828,845,865,878,917,941,955,970,986,989,1004,1035,1060,1069,1094,1094,1127,1137,1152,1161,1212,1233,1252,1287
09274,Landshut (Landkreis),159895,0,0,0,0,0,0,1,1,1,2,12,25,25,25,29,36,73,73,118,121,121,174,200,200,206,240,255,276,317,345,362,368,403,413,421,457,481,508,508,532,533,537,547,565,575,593,599,606,610,607,608,628,628,630,630,634,641,643,643,650,651,651,651,657,660,661,661,661,661,661,658,660,660,661,661,661,661,661,661,659,659,659,660,661,662,664,664,666,669,669,670,669,673,673,673,673,673,668,668,669,669,669,670,670,670,670,672,673,673,672,672,673,673,672,672,672,672,672,672,672,672,674,675,675,685,685,685,686,687,690,690,695,695,696,698,699,700,700,701,701,701,702,702,704,704,704,704,707,709,709,710,710,717,718,718,718,719,720,720,723,724,724,726,737,742,742,743,749,748,751,755,759,759,765,762,768,773,778,787,787,792,795,799,801,803,806,806,814,819,820,824,829,828,828,830,835,834,838,842,844,844,844,845,848,852,853,853,853,853,858,860,858,861,863,863,863,864,865,870,873,877,877,900,905,909,926,945,954,968,976,981,998,1036,1058,1085,1085,1127,1173,1198,1217,1257,1275,1299,1299,1336,1364,1400,1444,1498,1542,1571,1592,1605,1644,1694,1725,1773,1794,1818,1853,1907,1973,2018,2049,2072,2095,2150,2230,2292,2345,2408,2408,2491,2514,2573,2608,2726,2761,2828,2861
03457,Leer (Landkreis),170756,1,1,1,1,1,1,1,1,1,1,1,3,3,7,10,12,12,13,14,14,17,20,25,28,33,34,38,41,44,49,53,54,59,62,62,63,66,66,67,69,70,72,77,80,80,85,86,86,89,90,90,91,91,93,93,95,95,97,97,97,97,97,98,99,99,100,100,100,100,100,100,100,100,100,100,101,101,103,103,108,112,116,120,125,131,135,138,140,140,140,140,141,142,142,142,142,143,143,146,146,146,146,146,146,146,147,147,147,147,147,147,147,147,147,147,147,147,147,147,147,148,148,148,148,148,148,149,149,149,149,149,151,151,151,151,151,151,151,151,151,151,151,151,151,151,151,151,151,151,151,151,151,151,151,151,152,152,152,152,152,152,153,157,157,157,157,161,162,167,170,171,171,171,171,172,172,172,176,176,176,176,178,179,182,184,184,184,184,186,187,188,189,189,204,204,204,208,220,222,225,232,232,232,233,236,239,239,241,242,243,244,245,247,253,257,257,258,270,280,287,287,288,312,326,335,342,346,346,353,365,372,383,391,396,396,408,426,434,442,446,460,471,494,496,501,513,535,543,567,574,585,603,620,652,676,685,701,723,726,740,751,781,788,800,807,807,838,846,864,868,881,882,885,894,908,923,925,933,939,941
14713,Leipzig (Kreisfreie Stadt),593145,0,0,1,1,2,2,4,4,6,16,19,31,41,71,72,94,119,129,144,161,181,204,218,242,270,316,319,323,332,361,378,403,421,420,435,446,451,458,469,476,481,481,485,489,503,513,518,517,528,522,536,541,542,543,551,549,557,560,560,570,567,572,567,569,569,577,577,577,583,583,583,595,591,593,593,593,593,593,593,593,593,593,593,592,593,593,593,593,593,593,594,595,595,595,600,600,595,595,595,595,595,595,595,595,595,596,599,602,602,602,602,611,613,613,614,614,614,614,617,621,622,623,623,623,624,626,627,627,630,630,630,630,630,630,631,632,632,632,638,642,642,643,647,647,647,647,650,650,650,650,650,650,650,655,655,659,663,663,663,666,669,671,674,679,679,679,680,687,693,698,702,702,707,710,715,722,729,732,732,734,734,743,755,765,772,779,779,779,789,794,799,808,808,813,813,821,824,830,834,834,842,850,856,862,872,881,881,891,891,894,897,906,912,912,932,943,949,957,965,984,984,984,1011,1022,1033,1045,1066,1066,1093,1095,1129,1153,1179,1208,1235,1235,1308,1336,1371,1396,1456,1464,1551,1589,1614,1683,1727,1804,1812,1850,2028,2104,2195,2300,2361,2375,2449,2611,2627,2734,2804,2918,2937,2982,3188,3227,3319,3466,3593,3593,3593,3905,3988,4073,4289,4445,4445,4636,4820,4897
14729,Leipzig (Landkreis),258139,0,0,0,1,1,4,4,4,8,11,11,17,17,17,25,28,33,39,39,45,50,59,68,72,77,91,94,99,110,117,123,130,134,137,140,144,148,169,173,175,175,175,177,177,179,179,179,180,180,183,184,184,184,184,184,185,185,186,186,186,186,186,186,187,187,188,188,188,188,190,190,190,191,191,191,191,191,191,191,191,191,191,191,191,192,192,192,192,192,192,192,192,192,192,192,192,192,193,194,194,194,194,194,194,194,194,194,194,194,194,194,195,195,195,195,195,195,195,195,195,195,195,195,195,195,195,195,195,196,196,196,196,196,196,196,196,196,196,196,196,196,196,196,196,196,196,196,196,196,196,196,196,196,196,196,197,197,197,197,198,199,200,201,203,203,203,204,205,205,205,205,205,205,205,205,206,206,207,208,211,212,214,217,217,217,217,217,217,217,217,218,218,218,218,219,219,221,221,225,226,227,227,232,235,236,237,238,240,240,242,244,248,249,250,254,253,257,261,267,274,279,283,285,290,301,304,325,344,356,358,361,380,433,447,468,475,492,516,549,612,664,712,754,759,778,837,873,908,944,1001,1043,1081,1108,1186,1208,1262,1340,1366,1388,1471,1478,1523,1554,1639,1683,1724,1780,1872,1959,2010,2091,2197,2267,2368,2426,2550,2635,2697,2803,2898
05316,Leverkusen (Kreisfreie Stadt),163729,0,0,0,0,0,0,0,2,3,5,5,5,20,21,31,31,40,45,48,48,58,65,74,82,88,102,102,113,127,131,141,146,149,149,155,158,160,161,161,167,167,168,170,171,174,184,184,184,185,185,186,190,190,191,191,192,195,196,199,200,200,202,203,210,211,213,213,215,216,219,221,221,222,224,225,225,227,228,233,233,233,233,233,239,239,239,239,240,240,240,240,241,241,241,242,242,242,242,244,244,246,246,246,246,246,246,246,248,250,250,250,250,250,250,251,251,251,252,253,253,254,255,256,256,256,258,258,258,260,262,265,265,265,266,274,275,277,277,278,279,282,285,285,291,294,294,298,300,303,309,310,311,314,317,317,319,321,324,327,327,330,335,340,346,359,359,359,367,371,376,383,383,383,394,398,399,402,410,408,408,409,411,428,429,430,441,443,443,443,445,452,462,463,478,478,486,492,494,498,503,516,520,523,523,529,539,547,547,555,562,572,582,595,604,611,618,621,632,645,660,674,689,692,724,747,771,791,801,827,838,865,889,894,935,961,978,998,1035,1078,1103,1171,1231,1256,1264,1330,1383,1433,1476,1505,1515,1540,1576,1634,1682,1746,1768,1805,1827,1860,1879,1918,1966,2013,2019,2049,2094,2156,2215,2250,2296,2319,2340,2375,2406,2459,2507,2539,2581,2610,2655
09478,Lichtenfels (Landkreis),66776,0,0,0,0,0,0,0,0,0,0,1,1,1,3,5,5,7,7,20,21,25,27,46,54,57,74,79,81,88,105,112,115,125,133,137,142,145,145,146,157,157,160,162,164,166,171,174,184,187,188,189,191,192,193,193,194,196,199,199,201,202,203,211,211,212,212,212,212,215,217,220,222,231,231,234,234,235,249,249,251,251,263,263,268,270,271,273,276,278,279,280,280,282,286,289,291,291,292,292,292,293,293,293,294,297,297,297,297,298,299,300,300,301,301,301,301,301,303,303,304,304,304,304,304,305,305,305,305,305,305,305,306,307,309,310,310,310,310,311,311,312,312,313,313,313,313,315,317,318,318,318,318,319,319,320,322,323,323,323,325,325,325,325,325,325,325,327,334,335,336,336,336,336,336,336,337,337,338,338,338,338,340,340,340,340,340,340,342,342,343,346,347,347,347,351,351,355,356,365,365,366,366,366,368,372,372,372,372,373,374,374,376,377,378,378,379,384,385,387,395,395,395,397,397,404,406,412,412,421,421,427,439,458,470,470,495,506,531,539,579,591,628,639,645,672,689,726,744,772,774,782,805,824,861,874,885,886,890,901,901,923,938,941,951,957,967,983,988,1004,1049,1050,1052,1055,1077,1103,1115,1127,1143,1146,1163
06533,Limburg-Weilburg (Landkreis),171912,0,0,0,0,0,0,0,0,0,0,1,1,4,8,12,36,45,57,58,68,99,111,115,137,147,149,149,160,174,179,191,194,198,201,201,203,205,212,215,216,216,220,222,225,230,233,235,235,239,241,244,248,255,255,255,258,261,265,265,265,267,267,271,274,274,279,280,280,280,281,282,283,285,286,286,287,288,288,288,288,289,290,290,290,290,290,290,290,290,290,290,290,290,290,290,290,290,291,291,293,293,293,293,293,293,293,293,293,293,293,293,293,293,293,293,293,293,294,294,298,299,299,299,299,299,299,300,301,302,302,302,302,302,302,303,304,304,304,305,305,305,309,309,312,312,313,313,315,319,322,324,325,328,331,333,334,336,339,339,343,343,345,350,360,364,368,369,375,380,387,387,388,389,389,393,395,398,401,401,401,402,405,406,410,414,415,416,417,418,420,426,428,428,434,436,437,447,449,451,451,452,454,455,459,462,465,473,475,476,480,483,489,497,503,505,505,506,510,516,522,538,538,538,541,553,566,582,590,601,604,615,623,653,666,705,722,735,779,808,840,878,906,937,942,972,1019,1084,1142,1214,1221,1234,1285,1321,1378,1414,1467,1471,1481,1542,1612,1660,1717,1768,1783,1793,1834,1883,1931,1972,2027,2057,2061,2087,2155,2217,2256,2300,2386,2396,2454
09776,Lindau (Bodensee) (Landkreis),81981,2,2,2,4,4,5,5,6,6,8,12,12,19,19,21,23,35,51,51,51,53,67,80,93,100,102,120,128,131,142,167,176,188,190,194,201,207,218,220,223,225,228,226,233,235,235,235,235,236,236,237,238,238,238,238,238,239,239,239,239,240,240,240,240,240,240,240,240,240,240,240,241,241,241,241,241,241,241,241,241,241,241,241,241,241,241,241,241,241,241,241,241,241,241,241,241,241,241,241,241,241,241,241,241,241,241,241,241,241,241,241,241,241,241,242,243,244,244,244,244,244,244,244,244,244,244,244,244,244,244,244,245,245,245,245,245,246,246,246,246,249,250,250,251,251,251,251,253,253,253,253,253,253,253,253,253,253,253,253,253,254,255,257,258,262,262,264,264,265,265,265,266,266,266,266,266,266,267,267,267,267,267,268,268,269,271,271,274,281,282,283,283,283,283,285,287,288,290,293,298,298,305,309,310,310,312,312,312,313,313,317,317,318,318,319,319,320,325,328,332,336,336,343,346,348,352,360,363,372,382,388,392,400,410,415,423,426,449,466,488,497,532,552,574,587,640,673,697,708,734,747,772,787,817,853,879,906,907,931,949,967,991,996,1008,1011,1018,1030,1048,1054,1080,1085,1086,1102,1128,1148,1190,1204,1223,1227,1246
05766,Lippe (Kreis),347514,0,1,1,1,1,1,11,19,31,36,47,47,55,87,107,112,133,138,158,170,188,204,230,261,278,289,302,325,347,393,429,455,468,496,509,526,546,546,571,571,571,584,584,590,597,614,621,628,644,662,670,677,687,687,688,705,708,711,714,714,716,716,726,728,727,732,737,737,737,737,738,740,740,740,740,740,740,740,740,739,739,739,739,740,740,741,741,741,741,741,741,742,742,742,744,744,743,743,744,744,746,746,746,748,748,749,752,754,754,754,754,754,755,758,758,758,758,758,758,762,766,767,769,769,767,769,770,770,770,770,770,771,772,773,774,774,776,776,776,779,782,786,789,789,789,789,789,790,792,794,801,801,801,805,807,811,813,816,816,816,824,835,839,848,848,852,852,857,865,869,871,876,876,876,880,883,888,891,894,894,894,897,899,899,902,904,904,904,909,913,918,920,924,931,931,933,937,942,951,953,959,959,961,965,973,979,980,990,993,995,1000,1005,1006,1011,1015,1018,1021,1033,1039,1043,1064,1064,1121,1125,1152,1181,1214,1237,1256,1260,1285,1319,1345,1410,1440,1467,1552,1555,1576,1621,1712,1813,1859,1904,1982,2069,2129,2227,2328,2379,2439,2573,2661,2799,2930,3050,3111,3152,3275,3455,3601,3759,3853,3953,4026,4202,4337,4476,4588,4693,4789,4852,4940,5050,5185,5337,5487,5598,5676,5892
08336,Lörrach (Landkreis),228736,1,1,1,1,1,1,1,1,5,10,13,15,19,27,49,63,81,95,99,117,137,153,163,170,207,215,230,274,317,339,360,389,396,406,413,428,445,464,476,482,484,484,500,511,523,538,548,553,560,579,591,600,618,630,630,634,642,646,649,650,650,650,653,655,656,659,659,660,660,661,662,662,662,663,663,663,664,664,664,664,664,664,664,664,664,664,664,664,664,664,664,664,664,664,664,665,665,665,665,666,666,666,666,667,667,667,665,665,665,665,665,665,665,665,665,665,665,665,665,665,667,667,667,667,667,667,668,668,671,672,672,672,672,672,673,674,674,675,675,675,676,676,676,676,676,677,677,677,678,680,682,683,683,685,686,688,694,695,695,695,699,707,708,711,716,718,719,721,728,731,737,738,740,742,751,754,760,765,769,770,774,778,784,789,795,796,798,804,808,808,810,811,811,815,818,823,829,840,847,851,854,854,858,864,872,881,890,892,893,895,899,901,905,908,908,909,910,912,919,922,929,940,942,949,955,968,983,995,1010,1015,1034,1054,1093,1120,1147,1186,1208,1235,1286,1321,1388,1419,1466,1501,1561,1638,1680,1766,1837,1893,1946,1981,2064,2181,2266,2368,2446,2461,2505,2612,2721,2800,2890,2942,2950,2976,3087,3197,3274,3367,3415,3424,3458,3571,3630,3736,3815,3862,3895,3935
01003,Lübeck (Kreisfreie Stadt),216530,1,1,1,2,2,2,2,7,7,8,9,10,11,11,18,19,43,53,56,57,63,63,63,67,69,69,77,88,97,98,101,103,103,103,119,125,128,136,139,142,143,151,154,154,155,155,156,157,157,157,158,158,159,159,160,160,164,164,164,164,165,167,167,166,166,166,166,167,167,167,167,167,167,167,167,167,167,167,167,167,167,167,167,167,167,167,166,167,167,167,167,166,166,166,166,166,166,166,166,166,166,166,166,166,166,166,166,166,166,166,168,169,169,170,170,170,170,171,171,171,171,173,173,173,177,177,177,177,177,177,177,177,177,179,179,179,179,179,179,179,179,179,181,181,181,181,181,182,182,182,182,182,186,187,188,188,189,189,189,191,193,196,197,202,202,202,207,207,207,208,211,211,211,218,223,225,227,228,228,228,229,229,230,230,232,232,232,236,238,239,240,242,242,242,246,247,256,259,259,259,259,265,267,270,277,278,278,278,289,289,289,294,297,297,297,311,311,317,319,327,327,327,337,342,349,353,359,359,359,371,380,396,415,424,424,459,472,490,515,546,577,589,653,652,663,685,719,759,759,792,852,866,890,920,941,941,956,1002,1019,1033,1053,1078,1078,1103,1115,1132,1145,1179,1199,1203,1203,1245,1257,1274,1308,1348,1371,1403,1464,1480
03354,Lüchow-Dannenberg (Landkreis),48412,0,0,0,0,0,0,0,0,0,0,0,0,0,0,0,1,6,6,6,6,6,7,7,9,9,9,8,8,10,11,12,12,13,13,14,14,14,14,14,14,14,14,15,15,15,15,15,15,15,17,17,17,17,17,17,17,18,18,18,18,18,18,18,18,18,18,18,18,18,18,18,19,19,19,19,19,19,19,19,19,19,19,19,19,19,19,19,19,19,19,19,19,19,19,19,19,19,19,19,19,20,20,20,21,21,21,21,21,21,21,21,21,21,21,21,21,21,21,21,21,21,21,21,21,21,21,21,21,21,21,22,22,22,22,22,22,22,22,22,22,22,22,22,22,22,22,22,22,23,23,24,24,24,24,24,24,24,24,24,24,24,24,24,24,24,24,25,25,26,34,34,34,34,34,35,37,37,37,38,38,38,38,40,40,40,40,40,41,41,42,42,42,42,42,42,43,43,44,44,44,44,45,45,45,45,46,47,47,46,46,46,46,46,46,46,46,46,46,46,47,47,47,48,48,54,48,48,48,48,53,57,58,62,68,71,76,76,78,85,92,96,106,113,119,119,124,127,134,134,139,140,141,142,143,144,153,154,154,161,166,168,171,171,172,172,179,185,191,194,198,198,198,202,202,202,202,202,202,202,205
08118,Ludwigsburg (Landkreis),545423,3,3,5,7,7,8,11,12,18,24,39,39,39,87,112,126,175,190,236,282,351,418,507,594,642,682,723,746,835,904,977,1056,1072,1088,1129,1179,1233,1262,1289,1307,1317,1332,1350,1385,1422,1464,1477,1482,1495,1523,1538,1573,1607,1613,1616,1624,1634,1655,1658,1663,1664,1664,1665,1674,1686,1697,1709,1710,1710,1720,1729,1733,1739,1746,1747,1750,1750,1752,1756,1757,1758,1758,1759,1760,1761,1762,1764,1767,1767,1767,1768,1769,1771,1771,1772,1773,1774,1776,1781,1785,1786,1790,1790,1790,1792,1792,1794,1795,1801,1801,1802,1808,1809,1813,1816,1818,1818,1819,1821,1826,1830,1842,1842,1846,1848,1852,1853,1856,1857,1861,1861,1862,1863,1865,1866,1868,1869,1870,1872,1872,1876,1880,1881,1884,1884,1885,1886,1889,1895,1902,1905,1905,1908,1908,1915,1925,1929,1931,1932,1933,1940,1947,1952,1968,1971,1973,1981,1991,2005,2014,2034,2041,2048,2064,2085,2099,2112,2127,2127,2155,2172,2195,2211,2229,2246,2246,2255,2286,2304,2317,2329,2339,2359,2365,2385,2412,2436,2460,2468,2495,2499,2508,2533,2548,2565,2582,2627,2632,2645,2667,2687,2701,2730,2755,2759,2767,2812,2858,2918,2988,3044,3073,3092,3155,3237,3294,3460,3549,3565,3587,3654,3715,3933,4025,4178,4246,4313,4472,4665,4778,5083,5248,5278,5358,5549,5795,5976,6179,6330,6376,6516,6565,6756,6980,7148,7317,7374,7405,7577,7757,7911,8099,8259,8288,8318,8451,8590,8712,8853,9007,9018,9083,9241,9402,9588,9734,9877,9915,9988,10136
07314,Ludwigshafen am Rhein (Kreisfreie Stadt),172253,0,0,0,0,0,0,0,0,1,1,1,1,3,9,10,12,13,17,17,20,25,35,48,52,54,54,82,86,91,97,117,117,126,139,149,149,154,154,157,164,164,216,225,233,239,239,249,252,254,257,261,262,262,262,266,268,270,273,273,274,278,280,280,282,284,284,284,284,292,291,292,300,302,302,302,303,304,307,307,308,308,308,309,310,312,312,314,314,314,314,318,318,321,322,322,322,326,326,327,327,327,327,327,327,328,328,328,328,328,328,328,328,328,328,330,330,330,334,336,336,336,339,339,339,343,343,343,343,343,343,343,342,342,342,345,345,345,345,348,349,349,349,351,351,351,351,356,357,357,358,358,358,360,366,371,381,386,386,400,401,413,420,427,432,432,432,444,446,452,454,454,454,454,477,481,489,498,498,509,509,516,518,522,523,527,527,527,543,551,552,553,554,554,563,566,573,575,579,584,584,584,596,598,608,616,618,618,618,626,631,633,642,650,650,650,664,666,672,677,681,681,681,706,712,724,735,746,746,746,785,808,851,865,887,887,887,986,1038,1083,1104,1171,1171,1209,1237,1287,1359,1416,1435,1438,1438,1455,1543,1666,1781,1910,1933,1959,2014,2069,2119,2158,2214,2214,2263,2397,2423,2450,2478,2508,2529,2551,2632,2729,2880,3013,3175,3201,3278,3396,3502
13076,Ludwigslust-Parchim (Landkreis),211779,0,0,0,0,0,0,0,0,0,0,1,1,2,2,3,13,18,18,19,24,27,27,28,31,37,37,39,44,45,45,47,54,54,54,57,57,57,58,58,58,58,59,61,64,64,65,65,65,65,65,65,67,68,67,67,68,68,69,69,70,70,70,71,73,76,76,76,76,76,76,77,77,79,80,80,80,80,80,80,80,80,80,80,80,80,80,80,80,80,80,80,80,80,80,80,80,80,80,81,81,82,82,82,83,85,88,89,89,89,89,89,90,90,90,90,92,92,92,92,92,92,93,93,93,93,93,93,93,93,93,93,93,93,93,93,93,93,93,93,93,95,95,95,95,95,95,96,105,106,109,109,109,109,118,121,121,130,133,133,133,137,137,137,137,137,137,138,138,138,138,138,138,138,138,138,138,140,141,143,143,143,143,143,143,144,144,144,144,144,144,145,147,147,147,147,150,150,153,154,154,154,154,159,162,162,163,163,163,165,170,168,170,170,170,170,175,177,178,179,181,181,181,192,214,218,234,238,247,256,258,274,280,288,293,305,306,307,356,365,399,425,432,432,445,462,474,490,508,517,520,524,549,555,565,587,604,608,611,631,651,662,686,699,703,706,734,751,792,810,815,820,820,843,871,900,929,957,959,966,1018
03355,Lüneburg (Landkreis),184139,0,0,0,0,0,0,0,0,1,1,3,3,6,26,42,45,53,54,61,61,65,69,71,75,82,82,82,97,100,108,113,119,120,122,125,132,134,140,144,145,148,154,157,162,166,168,168,168,168,164,164,164,164,164,162,162,162,162,162,162,162,163,165,167,167,167,168,168,166,166,166,166,166,166,166,166,166,166,166,166,166,166,166,166,166,166,166,166,166,166,166,166,167,167,167,167,167,166,166,166,166,166,166,167,167,167,167,167,167,167,167,167,167,167,167,167,167,167,167,167,167,167,167,167,167,167,168,168,168,168,168,168,168,168,168,168,168,168,168,170,173,173,176,176,176,176,176,176,177,177,177,177,177,178,178,179,179,179,179,179,180,181,181,182,182,185,185,191,192,194,194,194,194,195,201,203,205,205,206,206,206,210,210,212,214,214,214,213,213,215,215,216,217,217,217,218,220,224,225,225,225,225,226,227,229,229,232,232,232,235,239,246,248,248,248,248,254,261,262,264,267,267,267,271,273,275,277,280,280,280,287,291,296,300,307,307,315,315,340,371,384,384,415,427,461,483,503,529,563,568,573,590,615,630,644,653,654,657,681,693,709,724,744,750,757,776,791,811,838,856,858,861,880,896,912,921,932,934,938,965
15003,Magdeburg (Kreisfreie Stadt),237565,0,0,0,0,0,0,1,3,6,7,11,11,16,20,27,29,39,39,39,50,56,57,65,71,71,71,79,84,87,87,88,89,88,89,90,91,91,92,93,94,95,96,97,97,97,100,101,101,102,102,102,102,102,103,103,103,104,104,104,104,104,106,106,106,106,106,106,106,106,106,106,106,106,106,106,106,106,106,106,106,106,106,106,106,106,106,106,106,106,106,106,106,106,108,108,108,109,110,116,119,121,121,153,155,158,186,195,216,218,219,224,227,228,229,229,229,229,229,229,230,232,232,232,232,242,242,242,242,242,242,242,243,243,249,250,252,252,252,256,257,261,262,262,262,262,268,270,279,282,286,286,286,291,291,294,298,304,304,304,305,306,309,309,317,317,318,319,323,327,327,333,333,334,335,343,343,344,347,347,347,348,348,349,349,349,353,353,353,355,355,355,358,358,360,365,365,368,368,368,368,368,369,370,370,371,375,375,377,389,389,398,400,403,403,405,412,412,413,414,416,416,417,424,428,433,435,449,449,452,469,484,515,530,563,563,571,637,697,757,793,822,870,889,898,919,963,1017,1051,1051,1088,1094,1121,1151,1182,1195,1216,1241,1252,1282,1313,1345,1382,1413,1433,1455,1484,1512,1537,1556,1556,1583,1601,1634,1671,1700,1757,1773,1781,1795,1816
06435,Main-Kinzig-Kreis (Landkreis),420552,1,1,1,1,1,1,1,1,11,12,21,25,28,33,40,55,64,70,73,76,81,100,106,120,148,151,162,183,203,227,240,255,257,265,283,301,315,336,365,371,375,387,401,428,439,469,478,478,501,529,537,555,568,570,576,591,601,607,620,625,630,632,636,644,647,658,663,663,666,672,678,684,687,689,693,699,699,706,706,721,726,726,726,741,741,746,753,753,754,754,754,756,757,757,758,759,759,760,760,760,762,762,762,762,762,762,762,764,765,765,765,774,775,777,780,783,785,785,790,798,802,806,807,807,809,810,814,816,817,819,819,819,820,826,826,835,839,839,839,842,846,847,851,855,855,859,865,872,875,877,877,879,884,890,895,897,902,902,912,925,937,943,953,965,965,968,979,988,1012,1029,1048,1049,1065,1085,1102,1115,1122,1128,1128,1139,1148,1154,1166,1181,1183,1183,1186,1194,1198,1200,1207,1217,1219,1233,1236,1241,1253,1266,1269,1278,1281,1299,1308,1324,1335,1347,1353,1359,1377,1391,1406,1415,1423,1423,1434,1450,1466,1478,1504,1518,1523,1541,1571,1586,1617,1647,1686,1704,1724,1798,1833,1902,1962,2031,2092,2139,2276,2369,2467,2576,2663,2724,2769,2882,3004,3090,3227,3361,3418,3540,3543,3723,3888,4043,4231,4330,4479,4496,4668,4858,5061,5269,5424,5577,5577,5710,5813,6019,6199,6199,6378,6514,6621,6722,6894,7257,7257,7383,7386,7617
09677,Main-Spessart (Landkreis),126158,0,0,0,0,0,1,1,1,1,1,5,5,5,8,8,9,11,12,14,15,21,32,38,41,51,56,67,67,75,76,82,91,104,107,110,117,118,114,130,134,137,140,133,133,138,146,148,149,149,143,145,145,145,145,145,146,146,146,146,147,147,147,147,148,148,149,149,149,149,149,151,152,152,152,152,150,150,150,150,151,151,151,151,151,151,151,151,151,154,155,155,155,156,156,156,156,157,157,157,157,157,157,157,157,157,157,157,157,157,157,157,157,157,157,157,157,157,157,157,157,157,158,158,158,158,158,158,158,158,158,158,158,158,158,159,160,160,160,160,160,160,160,160,160,160,160,160,160,161,161,161,161,161,161,162,162,164,165,165,165,165,166,166,167,167,167,171,172,173,178,179,179,179,179,181,183,184,186,186,186,186,186,186,186,190,190,190,190,191,196,197,198,199,199,206,206,206,211,211,211,211,220,222,222,225,227,230,231,232,235,235,239,244,244,245,247,255,255,255,264,264,264,264,265,270,274,279,282,282,288,289,294,303,320,322,330,334,350,368,386,397,406,411,427,439,460,475,506,519,531,531,550,581,591,611,635,654,680,691,732,761,801,837,864,886,942,1003,1047,1123,1183,1220,1259,1300,1339,1382,1447,1519,1552,1595,1622
08128,Main-Tauber-Kreis (Landkreis),132399,1,1,2,23,23,24,24,25,31,32,33,33,33,34,36,39,43,57,58,60,63,70,78,97,119,119,120,141,175,182,198,233,237,250,252,262,267,280,296,296,296,301,306,312,320,323,324,326,331,343,344,347,352,354,354,356,358,359,361,374,376,377,379,383,384,389,389,389,389,389,391,391,392,393,394,394,394,394,395,396,397,397,397,397,397,397,397,397,398,398,398,398,398,398,398,398,398,398,398,399,399,399,399,399,399,399,399,399,399,399,399,399,399,399,399,399,399,399,399,399,399,399,399,399,400,400,401,401,401,401,401,401,403,408,415,425,425,430,432,434,445,448,451,451,458,458,458,464,466,469,469,469,469,470,470,470,471,471,474,476,478,482,485,487,487,490,490,492,496,498,499,499,501,502,502,503,504,505,505,506,507,507,509,509,514,515,518,518,518,519,521,521,521,524,528,529,529,534,540,540,541,542,544,544,547,549,549,551,552,554,556,557,562,562,576,576,576,585,587,601,601,621,623,626,643,650,671,671,686,692,700,750,760,780,781,807,808,817,838,855,870,875,891,897,907,917,936,954,974,982,984,1010,1030,1053,1078,1095,1096,1098,1110,1150,1172,1199,1218,1218,1238,1257,1288,1322,1355,1396,1400,1416,1458,1489,1508,1532,1547,1561,1579,1592
06436,Main-Taunus-Kreis (Landkreis),238558,0,0,0,0,0,0,2,3,3,8,12,14,14,16,18,28,40,54,55,67,84,92,101,114,114,115,136,145,153,159,165,165,165,174,179,185,192,192,192,192,192,202,208,213,215,215,218,222,230,243,250,254,254,254,265,270,271,274,274,274,278,288,289,290,290,293,293,293,293,293,296,298,299,299,299,306,311,323,323,329,329,329,337,337,339,346,347,347,347,347,350,350,350,352,352,352,353,355,357,357,357,357,357,357,357,361,362,364,364,364,367,369,375,376,378,378,378,380,380,382,383,384,384,384,384,386,390,391,391,391,391,392,392,392,393,394,394,394,397,397,403,406,411,411,411,417,417,419,422,423,423,423,428,438,445,453,461,461,461,468,471,485,490,498,498,498,512,516,524,530,540,540,540,553,554,560,570,577,577,577,588,600,603,622,624,624,624,645,649,653,659,668,668,668,681,689,692,702,711,711,711,722,723,725,731,742,742,742,755,755,760,770,784,784,784,804,816,834,847,879,879,879,944,949,970,999,1044,1044,1044,1107,1138,1172,1224,1297,1297,1297,1419,1479,1530,1595,1672,1672,1693,1795,1858,1911,1972,2034,2083,2137,2181,2250,2305,2359,2439,2439,2439,2582,2633,2692,2758,2812,2812,2812,2953,2978,3043,3100,3154,3154,3154,3318,3340,3385,3426,3464,3464,3464,3603,3637
07315,Mainz (Kreisfreie Stadt),218578,1,1,1,1,2,2,2,3,4,11,11,16,19,28,35,45,55,62,81,82,90,99,115,125,144,180,182,187,196,212,222,238,249,266,278,301,319,347,355,359,359,360,362,380,393,410,435,437,439,447,464,472,488,492,494,495,502,509,513,519,519,519,523,528,534,543,546,551,552,553,555,561,566,566,566,580,580,584,584,586,586,586,588,589,626,628,629,629,629,629,636,636,638,651,651,651,654,659,667,667,668,668,668,669,674,674,674,674,674,674,675,675,675,676,676,676,676,677,678,679,680,680,680,680,680,681,681,682,682,682,682,684,684,684,684,685,685,685,688,692,693,694,696,696,696,701,706,706,707,709,709,709,711,712,714,716,717,721,721,735,743,748,755,761,761,761,768,777,780,786,788,790,796,795,796,797,802,807,807,807,822,823,835,839,847,852,860,864,866,871,886,893,906,918,922,924,930,945,950,963,972,975,976,987,991,1001,1004,1028,1033,1035,1042,1047,1059,1059,1079,1091,1105,1123,1134,1158,1166,1214,1231,1237,1269,1291,1318,1324,1371,1401,1423,1458,1506,1552,1580,1642,1642,1714,1745,1745,1822,1880,1943,1990,2041,2115,2235,2349,2386,2456,2499,2613,2725,2800,2879,2902,2948,2992,3090,3210,3290,3379,3425,3494,3526,3594,3717,3765,3829,3862,3909,3936,3976,4056,4132,4173,4192,4220,4297,4363
07339,Mainz-Bingen (Landkreis),211417,0,1,1,1,1,1,2,3,3,10,18,18,18,20,24,30,37,47,54,57,65,76,84,91,103,113,115,117,150,175,191,206,211,223,227,242,253,277,286,286,287,290,293,316,326,332,337,339,340,350,362,369,372,375,377,380,380,383,384,386,387,387,391,394,396,401,401,404,404,404,405,408,405,408,405,414,414,414,414,417,417,417,420,420,421,424,424,424,424,424,427,427,427,428,428,428,429,429,429,429,430,430,430,430,430,431,431,431,431,431,432,432,432,432,432,432,432,432,432,432,432,432,432,432,434,434,434,434,434,434,434,437,437,438,439,439,439,439,439,439,439,439,441,441,441,442,443,443,444,444,444,444,447,447,452,454,457,457,457,465,465,468,468,470,470,470,481,483,493,506,508,519,519,519,524,525,526,529,529,529,532,532,537,537,540,543,546,545,545,553,558,563,567,569,570,572,572,574,578,583,584,585,585,585,589,592,594,598,602,602,612,618,630,635,644,643,646,656,672,683,696,724,729,736,749,759,775,780,795,806,814,832,877,905,936,966,966,1023,1087,1087,1169,1189,1204,1240,1300,1341,1390,1455,1470,1520,1542,1647,1717,1759,1820,1845,1864,1887,1932,1989,2041,2091,2115,2173,2182,2229,2280,2340,2391,2421,2446,2469,2488,2527,2575,2624,2636,2649,2685,2720
08222,Mannheim (Stadtkreis),310658,4,4,5,7,7,9,9,13,14,28,37,44,64,72,79,88,102,116,128,147,157,168,179,196,196,218,226,236,251,267,288,294,319,326,342,352,365,379,383,388,388,398,402,406,412,416,417,420,421,424,429,435,437,437,438,442,443,445,451,460,462,465,466,466,467,468,470,470,470,470,470,473,473,473,473,474,474,476,476,478,478,478,479,479,483,483,484,484,484,484,484,484,486,487,488,488,489,494,494,495,495,495,497,497,497,497,497,497,498,500,502,502,502,502,504,505,505,505,508,513,514,517,518,518,518,518,518,520,522,522,522,523,523,523,524,524,524,528,532,534,535,535,535,535,538,538,546,549,557,563,567,568,574,575,576,578,579,583,588,589,589,596,600,613,620,626,632,646,653,659,668,677,688,700,713,731,740,751,760,769,773,783,792,808,819,830,835,846,849,858,872,886,906,909,922,936,955,964,983,995,1003,1016,1026,1043,1051,1060,1069,1074,1083,1089,1121,1145,1152,1180,1188,1195,1214,1238,1254,1279,1316,1326,1339,1363,1388,1430,1461,1500,1520,1535,1577,1641,1727,1827,1877,1911,1991,2026,2109,2209,2302,2366,2400,2464,2553,2621,2709,2777,2844,2875,2959,3050,3143,3267,3395,3473,3550,3621,3761,3860,3984,4109,4169,4224,4360,4473,4554,4671,4796,4838,4917,5041,5114,5231,5372,5493,5581,5663,5764,5870
15087,Mansfeld-Südharz (Landkreis),134942,0,0,0,0,0,0,0,1,1,1,1,1,1,2,3,4,5,8,10,14,14,16,16,16,16,16,19,20,25,26,29,29,30,30,30,30,33,33,34,35,35,35,35,35,35,35,35,35,36,36,36,36,36,36,37,37,37,38,38,38,39,39,39,39,43,43,45,45,44,47,48,48,47,47,47,47,48,48,50,50,50,50,51,51,51,51,51,51,51,51,51,52,52,53,53,53,53,53,53,53,53,53,53,54,54,54,54,54,54,54,54,54,54,54,54,54,54,54,55,55,55,55,55,55,55,55,55,55,61,61,61,61,64,66,66,66,66,66,68,68,68,68,69,69,69,70,70,70,70,70,70,70,70,70,70,70,70,70,70,71,72,72,72,72,72,72,72,72,72,72,73,73,73,73,73,73,74,74,74,74,75,76,76,76,76,76,76,76,77,77,80,80,80,80,80,80,80,80,83,83,83,83,84,84,84,86,86,86,87,88,88,88,88,88,88,88,88,88,89,89,89,89,90,91,92,98,103,103,104,106,117,126,142,144,144,158,160,167,181,186,200,200,205,207,217,233,252,271,271,292,298,312,320,335,344,357,358,362,371,379,397,456,466,483,491,497,527,553,598,598,649,728,751,776,813,861,882,901,923,970
06534,Marburg-Biedenkopf (Landkreis),247084,0,0,0,0,0,0,3,3,7,7,10,23,28,34,35,43,44,56,56,65,75,78,94,110,110,117,119,128,131,133,141,141,141,151,154,163,168,168,168,168,173,177,180,181,185,185,186,186,187,189,190,193,193,194,194,194,195,194,194,194,196,197,198,199,205,207,207,207,207,207,208,208,208,208,208,208,208,209,210,210,210,211,211,211,211,211,211,211,211,211,211,211,211,211,211,212,212,212,213,213,213,213,213,213,213,215,217,217,217,217,217,217,218,219,220,220,220,220,221,221,221,221,221,221,221,221,221,221,221,221,223,223,223,224,224,225,225,225,225,225,225,225,225,225,226,226,226,227,226,226,226,228,228,229,229,234,236,236,236,238,239,241,244,252,252,265,269,274,278,283,292,292,303,301,306,307,310,311,311,319,320,322,323,325,330,330,344,344,353,354,358,366,366,374,375,375,378,378,381,381,391,391,393,399,421,431,431,447,447,452,459,472,492,492,522,523,526,556,571,600,600,623,624,634,658,704,746,746,807,807,830,929,1004,1120,1120,1261,1273,1380,1469,1546,1694,1774,1879,1911,1945,2011,2138,2227,2273,2393,2408,2447,2550,2581,2645,2654,2814,2822,2877,2951,3054,3136,3143,3229,3233,3272,3341,3395,3473,3473,3559,3561,3593,3679,3721,3770,3779,3845,3854,3950
05962,Märkischer Kreis (Kreis),410222,1,3,5,5,5,6,6,7,10,13,13,18,18,27,29,31,33,38,38,44,47,51,70,81,89,100,118,127,146,165,174,175,175,231,241,264,290,290,335,335,367,381,388,421,431,431,474,488,463,477,487,498,498,517,529,537,550,557,557,562,563,564,564,565,571,573,573,582,582,583,584,585,588,589,590,590,590,591,592,593,593,596,597,596,597,597,598,598,598,599,599,601,601,601,601,601,601,601,603,604,605,605,605,605,605,606,607,607,607,607,611,611,615,615,617,617,617,618,620,623,624,628,628,628,628,628,629,630,633,633,633,641,641,644,653,653,653,653,660,664,665,675,676,676,679,679,683,688,692,698,699,703,707,714,719,725,731,731,731,743,747,751,768,781,781,793,817,832,838,845,856,867,878,888,892,900,906,913,914,923,925,928,936,939,946,956,963,965,969,970,977,983,985,988,1004,1005,1012,1015,1017,1023,1030,1030,1031,1036,1043,1049,1053,1056,1070,1073,1089,1099,1116,1134,1134,1153,1157,1186,1203,1227,1252,1252,1271,1281,1303,1336,1370,1395,1402,1423,1454,1494,1555,1617,1665,1728,1800,1857,1923,2048,2183,2311,2364,2471,2496,2594,2652,2909,3086,3152,3213,3250,3360,3534,3651,3741,3834,3859,3902,3972,4057,4256,4362,4445,4483,4533,4621,4774,4870,4975,5088,5122,5143,5239,5359,5426,5521,5629,5642,5698
12064,Märkisch-Oderland (Landkreis),195751,0,0,0,0,0,0,2,2,3,5,5,13,13,13,26,29,40,41,41,47,47,62,69,70,71,76,80,86,94,94,102,108,112,114,117,120,125,131,132,134,144,145,145,153,153,153,156,156,158,160,166,166,173,173,174,179,183,184,184,188,195,195,197,198,198,199,199,199,199,199,200,200,201,201,201,201,201,202,203,203,203,203,203,203,205,205,205,205,205,205,205,205,205,205,205,205,205,205,206,206,206,206,206,209,209,209,209,209,209,209,210,210,210,212,214,217,217,217,214,215,215,216,216,216,217,217,217,217,217,218,218,217,217,217,217,217,217,217,217,218,218,219,219,219,219,219,219,219,220,221,221,221,223,223,223,223,223,223,223,223,223,224,226,228,228,228,228,228,230,230,230,231,231,231,231,231,234,235,237,237,237,237,237,238,240,245,245,245,246,248,248,260,260,260,260,261,261,263,268,268,268,272,272,273,274,276,276,276,276,281,285,286,287,291,298,298,300,305,305,310,315,315,327,327,336,339,345,361,361,368,376,381,404,419,429,436,440,446,451,465,508,508,529,567,590,612,622,644,665,686,697,707,727,751,778,816,845,865,878,894,928,949,993,1049,1079,1084,1112,1121,1176,1178,1201,1358,1386,1438,1479,1550,1550,1596,1677,1702
07137,Mayen-Koblenz (Landkreis),214434,0,2,2,2,2,2,4,4,4,7,11,13,46,62,90,102,108,120,126,151,159,165,176,178,190,196,201,212,224,234,245,249,250,259,276,283,286,292,302,308,309,310,313,314,320,323,324,325,325,327,327,327,329,329,331,331,331,336,337,337,337,337,337,337,337,338,338,338,338,338,338,338,339,339,339,339,339,339,339,339,339,339,339,339,339,340,340,340,340,341,341,341,341,341,341,341,341,341,341,341,341,341,341,341,341,347,347,348,348,348,349,349,348,348,348,348,349,349,349,349,349,349,349,349,349,350,350,350,351,351,351,351,351,351,352,352,352,352,357,358,359,359,359,359,359,359,359,359,359,359,359,359,359,367,369,370,370,373,373,373,375,376,377,379,379,379,386,387,393,396,396,396,396,397,399,401,403,407,407,407,412,414,414,415,415,415,415,417,419,420,420,420,420,420,420,422,422,426,427,427,427,430,432,436,439,446,461,461,473,481,482,490,495,498,498,501,504,513,520,528,528,528,543,551,554,575,591,603,610,619,633,645,668,677,695,695,716,740,777,803,838,852,861,896,929,982,1022,1068,1086,1118,1167,1190,1261,1328,1382,1415,1439,1492,1520,1577,1624,1655,1685,1688,1757,1777,1818,1856,1873,1881,1901,1937,1950,1990,2023,2077,2077,2098,2123,2160
13071,Mecklenburgische Seenplatte (Landkreis),258074,1,1,1,2,4,4,5,6,6,7,7,7,9,13,19,20,23,26,28,30,36,40,41,46,56,58,60,71,79,83,90,93,94,94,97,99,100,102,102,102,102,105,107,107,107,107,107,108,108,108,108,108,109,109,109,109,109,110,110,110,111,111,111,111,111,113,116,117,117,117,117,117,118,120,120,120,120,119,119,119,119,119,119,120,121,121,122,122,122,122,122,123,124,124,125,125,125,125,125,125,125,125,125,125,125,125,125,125,125,125,125,125,125,125,125,126,126,126,126,126,126,126,126,126,126,126,126,126,126,126,126,126,126,126,126,126,126,126,126,126,126,126,126,126,126,127,127,129,129,129,129,130,132,132,133,134,136,137,137,137,137,137,138,140,140,140,140,140,140,140,140,141,141,142,142,142,142,144,144,144,144,144,145,145,145,145,145,145,145,145,146,148,148,148,148,151,151,151,154,154,154,155,156,158,159,159,159,159,161,161,164,164,182,182,182,197,197,204,204,219,219,219,238,255,271,288,311,320,331,334,354,368,368,405,409,413,420,426,452,461,475,479,492,497,510,516,523,537,547,550,551,560,570,587,611,622,626,632,657,679,701,722,737,744,762,799,822,877,902,934,934,950,978,1010,1060,1103,1117,1148,1159,1211
14627,Meißen (Landkreis),241717,0,0,0,0,0,0,0,3,3,5,9,9,9,11,12,17,18,21,25,26,34,38,42,52,60,68,69,77,87,96,106,115,121,122,130,138,145,158,167,171,174,175,175,178,188,189,193,193,196,204,207,210,212,212,216,216,219,219,220,221,221,221,221,224,224,224,224,225,225,225,226,227,229,229,230,230,230,232,232,232,232,232,232,232,232,232,232,232,232,232,232,233,233,233,233,235,235,236,239,239,239,239,239,239,241,240,240,240,240,240,240,240,240,240,240,240,240,240,240,240,240,240,240,240,240,240,240,240,240,240,240,240,241,242,242,242,242,242,242,242,242,242,242,242,242,244,244,245,245,245,245,245,245,245,245,245,246,246,246,246,248,248,248,250,250,250,250,250,253,256,258,258,258,258,258,258,259,259,259,262,262,263,263,263,263,267,267,267,267,268,268,269,269,269,269,271,271,272,273,273,273,273,274,276,279,280,280,280,281,281,281,285,289,289,290,290,297,306,316,349,349,377,385,393,398,416,443,459,466,471,486,498,519,540,540,580,609,629,652,694,766,853,907,936,994,1062,1116,1219,1274,1300,1342,1397,1486,1561,1664,1743,1780,1809,1900,1966,1988,2072,2138,2175,2202,2270,2368,2455,2672,2806,2909,2972,3117,3269,3402,3584,3777,3841,3920,4146
09764,Memmingen (Kreisfreie Stadt),44100,0,0,0,0,0,0,0,0,0,0,1,1,1,3,5,8,9,14,15,15,17,21,23,26,26,26,27,29,29,31,36,36,40,40,40,40,40,40,40,40,45,45,46,46,47,47,47,47,48,48,48,48,49,49,48,49,49,50,50,50,51,51,51,51,51,51,51,51,51,51,51,51,51,51,51,51,51,51,51,51,51,51,51,51,51,51,51,51,51,51,51,51,51,51,51,51,51,51,51,51,51,51,51,51,51,51,51,51,51,51,51,51,51,51,52,52,52,53,53,53,54,54,55,55,55,55,56,57,57,57,57,57,57,57,57,57,57,57,57,57,57,57,57,57,57,57,57,57,57,58,58,58,58,58,59,59,59,62,62,63,63,63,67,67,67,67,67,70,70,71,74,74,74,74,75,76,77,77,78,78,78,93,93,93,94,97,97,113,118,121,123,123,123,123,127,128,128,128,129,129,129,132,131,132,132,132,132,132,134,136,139,142,143,143,149,154,154,158,160,169,173,179,180,180,184,184,184,195,210,210,218,219,225,225,255,266,275,279,283,296,306,322,328,332,337,347,357,377,394,398,405,407,421,429,441,449,462,462,467,481,497,504,513,524,527,533,549,558,563,569,581,585,588,590,602,613,621,631,633,639
10042,Merzig-Wadern (Landkreis),103243,0,0,0,0,0,1,1,3,4,4,4,6,8,10,11,14,15,19,20,24,25,30,37,37,45,52,55,64,66,74,84,84,121,127,137,150,157,163,165,168,169,170,175,175,179,181,182,183,183,187,188,189,190,190,190,190,192,192,194,196,194,194,194,195,198,198,198,199,199,199,199,201,201,202,202,202,203,203,203,203,204,204,204,204,204,204,205,205,205,207,208,208,208,208,209,209,212,213,215,215,215,215,215,215,215,216,216,216,216,216,216,216,217,218,218,218,218,218,218,218,218,218,218,218,218,218,218,219,219,219,219,219,219,219,219,220,220,221,221,222,222,223,228,228,228,228,228,228,230,230,230,230,230,231,234,235,235,236,236,246,250,251,251,251,252,252,252,252,253,254,254,254,255,256,258,258,260,265,267,267,267,267,268,268,268,268,268,268,268,270,270,270,272,273,273,274,275,275,277,279,279,282,282,282,282,284,285,285,288,289,294,296,299,299,301,306,314,320,324,331,341,350,350,363,373,389,405,417,425,432,444,457,479,491,517,534,571,585,603,638,666,686,711,731,797,824,840,875,909,932,939,955,977,994,1018,1027,1054,1055,1070,1092,1109,1118,1136,1137,1140,1163,1177,1186,1204,1220,1224,1229,1246,1267,1284,1303,1316,1327,1337,1353
05158,Mettmann (Kreis),485570,1,1,2,2,2,2,8,11,16,19,31,31,44,62,87,101,154,179,197,202,232,248,271,284,305,320,322,413,451,484,519,542,585,615,657,713,753,805,826,843,859,874,889,913,937,964,974,973,767,771,775,792,800,806,817,824,841,853,859,859,862,863,866,871,873,879,882,886,887,888,894,895,899,900,901,902,908,915,922,923,925,927,928,930,936,942,947,955,956,956,964,963,966,967,969,969,970,970,972,976,976,976,976,977,977,979,980,982,985,991,991,992,997,1007,1013,1023,1024,1027,1030,1033,1034,1044,1048,1057,1057,1058,1061,1072,1082,1103,1126,1130,1133,1154,1172,1199,1220,1244,1251,1255,1263,1284,1295,1311,1332,1334,1334,1353,1369,1385,1395,1404,1407,1414,1426,1447,1459,1478,1495,1507,1511,1528,1537,1556,1584,1595,1609,1613,1615,1633,1650,1667,1673,1681,1688,1694,1701,1705,1710,1715,1716,1719,1726,1737,1741,1750,1754,1759,1764,1772,1774,1777,1784,1786,1788,1790,1813,1829,1852,1877,1895,1897,1915,1930,1944,1950,1966,1980,1988,2000,2017,2036,2056,2077,2096,2107,2125,2157,2190,2220,2289,2315,2329,2351,2415,2476,2550,2601,2670,2673,2723,2794,2888,2998,3109,3190,3228,3282,3378,3600,3718,3861,4004,4071,4209,4371,4543,4729,4807,4908,4962,5092,5194,5375,5551,5691,5786,5864,5969,6083,6231,6407,6496,6587,6629,6774,6870,6979,7098,7175,7230,7319,7395,7479,7565,7760,7830,7912,7958,8093
09182,Miesbach (Landkreis),100010,2,2,3,4,4,5,5,6,6,13,13,15,15,32,44,57,58,61,108,156,171,185,217,240,268,288,301,316,338,354,364,397,397,418,424,437,449,456,458,473,474,475,476,483,488,488,491,491,493,493,493,496,496,499,509,510,514,518,518,518,522,522,526,537,543,545,545,545,545,553,553,556,559,559,563,572,572,573,573,574,574,574,581,581,583,584,584,584,584,584,584,584,584,584,585,585,585,586,586,586,586,586,584,584,584,584,584,584,584,584,584,584,584,584,584,584,584,586,586,586,586,586,586,586,589,589,589,589,591,593,593,593,593,593,593,592,592,592,592,592,592,592,596,596,596,596,600,600,600,601,601,601,601,601,601,601,616,617,617,617,617,621,623,626,627,627,631,631,646,646,647,648,648,648,652,656,663,663,664,664,664,666,667,669,670,672,672,673,675,681,689,698,702,702,709,709,711,716,716,718,723,724,725,727,732,733,733,742,742,748,752,752,756,760,763,763,773,780,781,785,792,792,797,800,802,810,815,819,832,832,841,869,883,897,905,919,934,996,1025,1042,1057,1057,1078,1110,1144,1165,1189,1210,1217,1245,1283,1296,1319,1339,1365,1369,1377,1407,1431,1459,1505,1548,1548,1572,1597,1623,1646,1671,1692,1694,1713,1723,1764,1792,1792,1811,1830,1852,1885,1898
09676,Miltenberg (Landkreis),128743,0,0,0,0,0,0,0,0,0,0,4,4,4,5,15,25,25,41,47,47,50,60,72,79,92,92,103,107,124,150,157,174,178,182,194,211,211,226,229,232,232,233,240,240,243,245,245,246,247,252,257,259,260,260,261,268,275,272,272,273,275,276,276,276,276,276,276,281,281,281,282,284,286,286,287,287,287,287,287,288,288,288,288,288,288,289,289,289,291,291,293,295,295,295,295,295,296,296,296,296,299,299,299,302,302,302,304,304,304,305,305,305,305,305,305,305,306,306,306,307,308,308,308,308,308,308,308,309,309,310,310,310,311,312,312,316,316,316,317,318,318,318,319,319,319,322,322,324,324,326,326,326,333,333,333,333,336,337,337,338,339,340,341,341,341,341,341,341,345,345,348,348,348,349,350,350,356,357,357,357,359,359,360,366,369,370,370,374,375,375,382,387,389,389,397,397,399,404,411,411,411,413,422,423,426,429,430,434,434,437,439,442,443,446,452,452,454,458,465,468,472,472,481,485,495,507,526,526,549,556,560,578,597,623,645,671,689,715,771,814,858,858,872,969,974,1026,1062,1112,1112,1112,1197,1204,1246,1312,1370,1370,1370,1476,1483,1515,1561,1599,1599,1599,1674,1674,1729,1756,1791,1792,1806,1832,1840,1882,1907,1940,1954,1960,1998,2005
05770,Minden-Lübbecke (Kreis),310409,0,0,1,1,1,1,5,9,14,18,47,55,73,87,98,118,140,153,153,166,184,207,223,241,246,256,268,294,340,364,385,397,397,410,430,443,463,463,477,477,482,488,376,382,386,392,393,396,397,398,401,407,409,413,413,413,417,422,423,424,425,425,426,434,450,451,451,451,451,452,455,459,466,468,469,469,470,473,474,474,475,481,481,481,483,486,486,486,486,486,486,486,489,490,493,490,490,490,489,489,489,489,489,489,489,489,489,489,489,489,491,492,492,493,494,494,494,497,497,499,500,500,500,500,500,501,501,502,502,502,502,502,502,503,507,510,510,512,512,517,525,534,539,539,539,545,552,558,564,566,566,571,572,578,594,604,608,608,608,626,628,634,644,652,652,660,667,674,679,694,701,701,703,708,711,717,720,724,724,724,724,724,735,739,744,744,744,748,750,751,760,761,761,764,777,781,788,799,824,824,841,853,869,872,885,899,900,904,912,922,925,927,930,931,944,958,966,969,976,989,991,1002,1020,1026,1036,1045,1065,1065,1080,1099,1109,1120,1152,1182,1231,1278,1315,1348,1403,1473,1561,1630,1710,1802,1863,1976,2113,2243,2330,2419,2483,2582,2655,2797,2871,2956,3009,3046,3142,3253,3363,3452,3561,3594,3645,3728,3808,3920,3988,4109,4137,4159,4253,4382,4481,4551,4685,4745,4772,4907
14522,Mittelsachsen (Landkreis),304099,0,0,0,0,0,0,0,0,0,0,3,3,3,6,13,17,24,24,24,35,44,51,61,68,83,85,96,102,109,127,141,159,161,164,171,182,202,206,217,220,222,222,230,232,237,238,241,241,241,241,241,241,241,243,245,247,247,251,251,251,251,251,251,251,251,251,251,251,252,252,252,255,255,255,255,255,255,256,256,256,256,256,256,256,256,256,256,256,256,256,256,259,259,259,259,260,260,260,260,260,260,260,261,261,261,262,283,283,292,292,298,298,298,298,302,302,302,302,302,302,302,304,304,304,304,304,304,304,304,304,304,304,304,304,304,304,304,304,304,304,304,304,304,304,304,305,305,305,305,306,306,306,308,308,309,309,309,309,309,309,309,309,309,309,309,309,311,311,312,312,316,316,316,320,320,322,326,328,328,332,335,336,337,337,341,341,342,342,347,353,354,362,362,371,371,371,381,388,389,389,389,390,395,400,406,413,413,420,423,425,428,432,435,435,439,439,441,448,454,459,459,476,485,498,505,519,540,562,588,590,618,650,695,706,740,772,775,784,866,966,1085,1185,1245,1289,1349,1419,1570,1663,1723,1755,1850,1951,2043,2129,2271,2367,2470,2554,2646,2781,2901,3036,3171,3321,3368,3438,3562,3701,3867,3957,4010,4161,4348,4520,4708,4902,5068,5266,5368,5511
05116,Mönchengladbach (Kreisfreie Stadt),261034,3,3,5,7,7,7,8,8,17,28,35,36,37,44,46,51,72,100,104,109,119,124,135,151,168,174,178,182,217,235,250,265,294,296,304,321,331,344,364,367,374,378,380,389,403,417,426,427,429,433,447,455,459,466,468,469,481,484,487,496,498,500,501,506,516,525,528,535,537,538,546,552,559,570,578,578,579,589,593,598,605,605,606,606,608,610,613,614,615,618,618,618,620,625,632,634,634,634,636,639,641,642,643,644,645,650,653,656,660,666,666,666,676,677,678,680,683,683,683,685,689,690,690,693,693,693,694,701,707,707,711,717,717,718,720,738,741,744,744,745,749,755,762,769,771,772,772,776,786,793,806,816,817,817,821,834,846,854,860,860,868,879,890,899,909,917,917,920,923,925,927,936,938,940,947,949,956,965,969,973,974,976,981,983,986,987,996,998,999,1000,1006,1007,1010,1011,1014,1015,1030,1034,1041,1043,1047,1048,1049,1053,1056,1058,1064,1070,1080,1082,1084,1087,1091,1105,1105,1116,1130,1135,1142,1148,1165,1183,1186,1198,1210,1232,1244,1277,1302,1310,1326,1338,1387,1427,1452,1523,1558,1579,1621,1658,1749,1795,1883,1947,1989,2027,2100,2162,2250,2352,2405,2446,2488,2518,2628,2721,2815,2906,2970,2992,3046,3161,3218,3248,3293,3312,3385,3453,3550,3622,3690,3736,3760,3853,3895,3977,4050,4099,4130,4167
09183,Mühldorf a. Inn (Landkreis),115872,0,0,0,0,0,0,0,0,0,0,0,0,0,1,10,10,16,20,38,41,56,67,77,93,125,136,157,161,180,217,246,271,281,285,313,328,346,351,351,382,388,393,398,424,429,435,440,443,448,452,455,463,466,467,469,475,481,485,485,485,486,487,487,490,490,493,493,493,494,494,494,495,495,495,495,495,495,495,495,495,497,497,497,497,498,499,499,499,499,499,499,499,499,499,499,497,497,498,498,499,500,500,500,500,500,500,500,500,500,500,500,500,500,500,500,500,500,500,500,500,500,500,500,500,500,500,500,501,501,504,510,510,510,508,508,509,509,509,511,511,512,512,511,511,511,512,512,512,513,515,515,515,515,516,518,518,520,520,520,522,525,530,535,535,535,535,540,542,547,554,561,561,561,566,568,569,573,577,577,577,584,586,592,599,603,603,603,615,618,621,624,629,629,629,632,632,632,633,633,633,637,642,644,646,651,653,653,653,657,657,657,659,662,662,662,667,668,671,672,678,678,681,689,695,709,760,775,790,808,810,834,850,871,909,921,956,981,1014,1034,1056,1108,1131,1148,1167,1200,1256,1289,1345,1392,1419,1466,1500,1533,1594,1646,1677,1711,1727,1753,1791,1817,1858,1887,1977,2005,2038,2057,2108,2143,2181,2246,2261,2281,2316,2359,2383,2420,2460,2470,2522
05117,Mülheim an der Ruhr (Kreisfreie Stadt),170632,0,0,0,0,0,0,0,0,5,9,9,9,12,16,21,30,36,36,42,42,43,45,52,55,62,68,74,78,86,97,100,101,105,107,110,114,116,131,134,131,131,131,131,136,138,143,143,148,151,160,160,166,167,167,168,169,169,171,171,172,172,174,176,177,178,181,181,181,182,184,187,188,190,192,191,191,191,192,193,193,193,194,196,198,202,204,206,212,213,213,213,213,213,213,215,215,215,216,217,218,219,219,219,219,222,224,227,231,233,234,236,241,243,250,256,256,256,259,264,266,271,273,276,278,279,281,279,284,285,289,289,289,292,298,303,308,313,313,313,318,320,326,335,336,338,338,344,350,351,360,362,362,365,369,371,373,376,381,383,388,390,395,400,405,411,412,413,420,423,434,438,439,442,445,452,455,458,467,469,470,472,475,480,486,484,487,488,490,494,500,504,518,536,545,548,553,558,580,595,608,608,612,613,617,622,617,624,627,628,632,641,646,650,660,663,664,667,674,678,688,704,712,731,737,756,784,802,824,853,854,871,893,924,967,1003,1036,1053,1077,1122,1166,1257,1319,1394,1405,1444,1511,1580,1651,1728,1790,1811,1854,1894,1993,2043,2100,2157,2172,2194,2261,2337,2402,2440,2493,2506,2538,2597,2654,2704,2746,2792,2804,2827,2865,2950,3051,3120,3158,3180,3211
09162,München (Kreisfreie Stadt),1484226,15,16,26,26,57,61,62,65,98,149,201,242,260,359,509,676,878,1042,1042,1316,1381,1576,1687,1845,2080,2256,2501,2699,2926,3099,3304,3449,3642,3794,3884,4003,4123,4233,4352,4459,4615,4717,4820,4927,5014,5101,5159,5211,5263,5332,5411,5492,5549,5581,5607,5719,5769,5893,5955,5989,6017,6054,6118,6146,6199,6277,6320,6365,6423,6491,6563,6583,6614,6640,6651,6657,6669,6681,6697,6711,6733,6740,6746,6783,6818,6837,6850,6868,6889,6893,6894,6907,6918,6932,6932,6932,6932,6932,6564,6567,6568,6568,6572,6584,6593,6606,6612,6624,6624,6624,6624,6675,6687,6705,6719,6719,6731,6747,6765,6794,6805,6824,6838,6838,6880,6902,6934,6954,6964,6972,6972,6992,7010,7024,7046,7070,7082,7082,7120,7128,7144,7158,7179,7194,7194,7203,7224,7238,7248,7267,7289,7289,7302,7319,7347,7354,7386,7405,7405,7426,7453,7494,7539,7589,7623,7623,7718,7802,7869,7961,8047,8089,8090,8193,8282,8364,8468,8574,8648,8697,8723,8793,8875,8950,9026,9140,9246,9307,9400,9489,9610,9711,9786,9845,9892,9994,10162,10311,10454,10583,10659,10716,10812,10906,10966,11101,11171,11245,11287,11391,11475,11555,11638,11702,11800,11821,11884,12000,12131,12270,12431,12524,12580,12681,12839,12960,13170,13349,13575,13669,13806,14001,14297,14595,14868,15094,15377,15584,15896,16221,16617,16873,17165,17548,17865,18239,18668,19065,19763,20194,20606,21071,21484,21997,22510,23045,23508,23833,24187,24762,25285,25948,26392,26684,26915,27270,27769,28258,28879,28979,29244,29715,30132,30544,31044,31672,31906,32118,32664,33279
09184,München (Landkreis),350473,0,3,3,7,7,14,14,15,25,32,32,38,75,75,103,134,200,219,246,279,327,373,429,462,539,561,574,626,675,735,783,849,893,904,931,963,994,1029,1059,1072,1076,1082,1106,1122,1137,1160,1164,1170,1188,1202,1209,1217,1225,1229,1233,1254,1273,1280,1289,1301,1306,1309,1324,1329,1342,1345,1344,1347,1347,1347,1349,1365,1361,1361,1361,1362,1373,1376,1387,1389,1390,1391,1392,1398,1403,1412,1412,1414,1415,1418,1416,1420,1421,1421,1421,1421,1422,1422,1424,1426,1426,1427,1427,1428,1432,1432,1433,1433,1436,1436,1436,1437,1439,1439,1441,1442,1442,1442,1446,1450,1451,1453,1455,1455,1464,1464,1467,1467,1472,1474,1474,1480,1481,1485,1490,1491,1493,1493,1499,1500,1503,1505,1506,1508,1508,1513,1514,1519,1525,1528,1530,1530,1529,1529,1531,1535,1539,1541,1541,1550,1552,1553,1558,1563,1569,1569,1581,1590,1603,1614,1629,1633,1633,1651,1658,1669,1688,1696,1697,1697,1707,1716,1731,1746,1754,1772,1791,1797,1813,1827,1836,1848,1857,1864,1871,1883,1911,1931,1955,1960,1971,1977,1984,1994,2017,2047,2054,2058,2070,2081,2101,2110,2125,2133,2138,2142,2155,2175,2202,2224,2261,2277,2286,2296,2323,2349,2381,2415,2428,2453,2474,2561,2612,2685,2755,2815,2885,2932,3006,3107,3181,3273,3323,3393,3516,3623,3741,3816,3935,4039,4106,4169,4270,4389,4494,4616,4725,4766,4909,4956,5044,5177,5247,5367,5437,5541,5630,5692,5788,5891,5951,5988,6064,6123,6203,6291,6374,6423,6512,6593
05515,Münster (Kreisfreie Stadt),315293,2,4,4,4,4,5,6,8,20,29,43,57,90,103,135,173,219,243,266,279,305,352,371,414,443,443,468,487,503,522,537,552,559,586,595,598,606,606,609,609,616,621,622,625,631,633,609,611,612,615,619,622,623,623,629,627,631,630,630,630,630,632,633,634,636,640,642,644,645,646,649,668,670,672,672,685,691,694,694,702,702,702,704,705,705,706,706,706,706,706,716,717,725,725,725,726,725,725,725,725,726,726,728,728,730,731,731,731,731,731,731,731,732,732,732,732,732,732,732,732,733,733,733,733,733,733,733,733,734,734,734,736,736,737,738,739,739,739,740,742,743,744,752,752,752,754,756,758,762,768,768,768,775,788,798,812,825,825,825,837,837,861,867,871,871,875,883,886,895,898,900,901,904,907,911,914,917,923,923,926,929,930,932,942,943,945,946,946,946,950,954,958,959,964,973,975,978,987,990,990,990,999,1003,1009,1021,1025,1026,1045,1057,1060,1079,1093,1097,1097,1097,1138,1146,1157,1173,1179,1179,1209,1233,1255,1261,1276,1286,1286,1306,1329,1341,1366,1384,1445,1445,1537,1569,1623,1654,1734,1779,1781,1845,1943,1977,2019,2084,2140,2181,2229,2257,2284,2335,2369,2417,2432,2439,2525,2556,2579,2624,2663,2686,2724,2747,2758,2787,2817,2843,2858,2894,2935,2941,2962,2991,3036,3050,3080,3117,3133
08225,Neckar-Odenwald-Kreis (Landkreis),143633,0,0,1,1,1,1,2,2,3,7,7,10,10,13,19,24,30,35,39,39,45,50,63,72,80,88,91,101,111,120,134,146,148,149,158,172,179,185,195,198,204,210,256,263,276,282,288,297,303,312,329,344,349,351,356,360,367,373,381,382,387,388,393,397,408,409,415,416,417,418,423,426,430,432,434,435,437,437,442,444,444,444,444,445,445,445,445,446,446,446,446,447,447,448,448,448,448,448,440,441,441,441,441,441,441,441,441,441,441,441,442,442,442,442,442,442,442,442,442,442,442,443,443,443,443,443,444,444,444,444,444,444,444,444,445,445,445,445,447,447,447,450,455,455,455,458,458,459,460,460,460,460,460,460,460,461,462,461,461,461,460,460,460,461,461,461,461,464,468,472,478,481,481,481,484,485,486,487,487,487,487,488,488,491,494,495,497,500,500,502,502,503,505,506,507,507,509,509,510,511,511,512,513,515,517,517,517,521,524,525,528,534,541,543,545,546,550,558,566,575,581,588,589,591,609,618,632,650,657,666,675,695,718,736,750,760,767,772,796,815,840,873,875,879,899,914,939,948,979,983,988,1002,1024,1036,1052,1080,1090,1096,1105,1149,1186,1202,1227,1237,1240,1254,1300,1323,1378,1414,1418,1427,1446,1493,1552,1592,1644,1655,1667,1692
09185,Neuburg-Schrobenhausen (Landkreis),97303,0,0,0,0,0,0,0,0,0,0,0,3,3,3,9,9,22,28,28,32,40,44,56,59,62,69,77,89,100,107,116,121,121,128,133,154,160,165,190,188,190,195,196,214,214,214,219,221,242,244,247,251,253,261,264,265,266,268,268,271,285,287,287,296,298,300,300,307,308,309,311,311,317,317,318,318,318,318,326,327,327,328,328,328,328,328,328,328,328,329,329,329,330,334,334,334,334,334,335,335,335,335,335,335,335,335,335,335,335,335,335,335,335,336,336,336,336,336,336,336,336,336,336,336,336,336,337,337,337,337,337,337,337,337,337,337,337,337,337,337,337,338,338,338,338,338,338,338,338,338,338,338,338,338,338,338,341,341,341,346,348,349,349,350,350,350,351,353,357,359,362,362,362,370,373,380,383,383,383,383,387,388,391,396,399,399,399,403,404,404,409,409,409,411,414,416,415,416,416,416,419,422,424,424,425,426,426,426,427,427,432,437,437,441,441,444,446,447,455,462,462,465,482,482,500,512,519,519,533,539,549,566,594,615,632,645,660,680,704,735,768,805,815,829,843,885,907,939,962,972,994,1006,1027,1055,1082,1097,1103,1105,1135,1150,1188,1206,1229,1237,1241,1258,1300,1318,1355,1377,1386,1393,1398,1447,1493,1536,1554,1572,1577,1617
09373,Neumarkt i.d. OPf. (Landkreis),134573,0,0,0,0,0,0,2,2,2,2,5,5,5,11,17,18,18,18,18,18,35,43,43,43,69,80,87,110,118,123,131,138,146,146,160,170,185,185,185,185,204,239,258,264,270,270,286,293,296,321,324,332,332,341,341,343,347,350,350,350,353,358,359,361,365,369,369,369,373,373,373,375,375,375,375,377,379,381,381,382,382,382,383,383,386,387,397,397,397,397,397,397,397,397,397,397,397,397,397,397,397,397,397,397,397,397,398,398,398,398,399,399,400,403,405,406,406,407,407,408,408,408,408,408,408,409,409,409,409,409,409,409,410,412,413,413,413,413,414,414,414,414,414,414,414,414,415,415,416,419,419,419,419,420,421,421,421,421,421,421,421,421,422,423,423,423,423,423,424,428,432,432,432,432,461,461,466,475,475,475,482,489,491,496,500,500,500,512,515,518,525,527,527,527,537,538,546,546,557,561,562,563,564,564,568,569,569,569,576,578,579,588,592,592,592,594,595,595,608,611,611,611,617,619,625,636,638,638,653,672,679,699,717,722,722,722,751,755,801,839,842,842,842,919,944,965,1008,1025,1025,1058,1114,1134,1155,1226,1262,1262,1262,1324,1330,1346,1362,1414,1414,1414,1463,1498,1528,1571,1604,1604,1604,1702,1779,1803,1876,1916,1916,1916,2062,2159
01004,Neumünster (Kreisfreie Stadt),80196,0,0,0,0,0,0,0,0,0,0,0,0,1,1,3,3,7,7,7,10,11,12,13,15,15,15,19,24,25,29,30,30,31,34,34,36,40,42,42,42,42,42,43,46,46,49,50,50,60,60,62,62,62,63,63,66,66,66,66,67,67,68,69,70,71,74,74,78,78,79,79,79,79,79,79,79,79,79,79,79,79,79,79,79,79,79,79,79,79,79,79,79,79,79,79,79,79,79,79,79,79,79,79,79,79,79,79,79,79,79,79,79,79,79,79,79,79,79,79,79,79,79,79,79,79,79,79,79,79,79,79,79,79,79,79,80,80,81,84,84,87,84,84,84,84,84,84,84,84,84,84,85,85,85,85,87,90,90,90,96,96,97,97,97,97,97,97,98,98,98,98,98,100,102,102,103,103,104,104,105,105,106,113,114,115,115,117,121,122,124,125,127,127,130,134,143,143,149,151,152,155,156,160,162,166,168,168,169,169,171,171,171,172,172,173,173,173,174,175,179,179,188,188,195,198,204,209,210,216,218,220,230,233,234,238,239,243,246,258,263,267,267,282,282,286,299,309,318,318,324,332,344,351,355,364,366,375,377,398,404,410,412,414,418,426,434,443,447,454,454,457,462,468,478,483,497,502,507,509,516
10043,Neunkirchen (Landkreis),131408,0,0,0,0,0,1,1,2,3,4,4,9,13,13,22,26,34,34,34,47,47,49,64,78,81,98,106,114,126,135,144,151,154,159,165,169,183,186,186,190,199,202,209,213,216,220,220,220,221,225,226,226,226,227,229,232,235,240,240,241,241,242,242,244,246,247,247,247,247,249,252,256,256,257,257,257,257,257,257,257,257,257,257,257,258,258,258,258,258,260,260,260,260,261,264,264,266,266,266,269,269,270,270,270,270,270,270,270,270,270,271,271,271,271,271,271,271,271,271,271,271,271,271,271,271,271,271,271,271,272,272,273,273,273,273,273,273,273,273,273,276,276,276,277,277,277,279,279,281,281,281,281,281,281,281,282,282,282,282,282,282,284,285,289,292,293,294,297,298,298,298,300,301,302,302,302,303,303,304,304,304,305,307,307,312,312,312,312,312,312,312,312,315,315,315,318,322,324,325,327,327,327,331,333,334,334,340,340,340,343,346,350,356,358,358,359,359,367,369,374,394,394,401,451,471,491,503,513,517,523,538,590,619,648,678,682,706,748,802,840,883,923,943,954,987,1016,1066,1098,1144,1166,1183,1215,1248,1296,1323,1347,1354,1359,1382,1399,1446,1468,1473,1488,1494,1508,1526,1577,1598,1621,1629,1637,1657,1671,1687,1715,1731,1740,1744,1769
09575,Neustadt a.d. Aisch-Bad Windsheim (Landkreis),101014,0,3,3,3,3,3,4,4,4,4,4,4,4,4,6,6,7,10,10,20,22,25,40,42,43,50,62,62,69,84,84,84,94,118,123,132,132,132,132,132,143,154,154,164,176,176,181,206,208,213,217,220,220,220,224,224,224,226,226,226,226,226,228,228,229,233,233,233,237,237,238,238,242,242,242,242,242,242,242,242,242,242,242,242,242,242,242,242,242,242,242,242,242,242,242,242,243,243,243,243,243,243,243,243,243,243,243,243,243,243,243,243,243,243,248,248,248,250,250,253,253,253,253,253,253,253,253,253,256,256,256,257,257,257,257,257,257,257,257,257,255,255,255,255,255,255,255,255,255,257,257,257,260,260,260,260,260,260,260,261,261,261,261,261,261,261,265,265,265,265,268,269,269,269,270,270,272,272,272,272,272,273,273,273,273,273,273,274,274,278,278,278,278,278,278,279,279,281,283,283,285,289,289,293,294,294,294,294,297,297,300,301,302,302,302,303,303,303,303,303,305,305,305,305,307,313,314,314,322,322,326,328,341,346,346,356,357,363,381,394,397,400,417,434,460,504,512,524,524,539,579,659,691,710,720,720,790,823,860,909,947,951,951,1001,1053,1118,1144,1172,1187,1187,1208,1231,1240,1272,1314,1319,1319,1347,1377,1402
09374,Neustadt a.d. Waldnaab (Landkreis),94450,0,0,0,0,0,0,0,1,1,1,1,1,1,1,2,2,3,16,27,30,33,62,72,99,148,152,184,212,242,290,343,373,406,419,424,472,506,544,550,561,572,578,587,612,628,648,671,677,676,697,710,731,737,741,754,754,761,771,777,778,779,779,782,783,785,785,789,789,789,793,794,795,796,797,798,800,800,804,807,807,810,811,811,808,814,815,815,816,816,816,816,818,819,819,819,819,819,820,821,821,822,822,824,824,825,825,826,826,827,827,827,827,827,828,833,833,833,833,834,834,834,834,836,836,837,837,837,839,839,839,839,839,840,841,841,841,841,841,841,841,841,841,842,842,842,842,842,842,842,842,842,842,843,843,843,843,843,843,843,846,846,846,846,846,846,846,846,847,847,847,848,849,849,850,850,851,853,855,855,855,855,855,855,857,861,861,861,862,862,863,863,867,868,868,870,870,872,873,873,875,875,875,875,875,875,875,878,879,879,881,903,906,909,910,910,917,924,930,938,939,946,949,955,962,964,975,988,1005,1013,1015,1024,1048,1074,1101,1138,1152,1177,1187,1217,1246,1269,1278,1294,1301,1314,1323,1344,1354,1368,1402,1416,1432,1449,1469,1493,1510,1530,1533,1540,1568,1586,1623,1656,1674,1679,1701,1717,1749,1773,1804,1828,1847,1856,1890,1918,1953,1984,2003,2005,2024
07316,Neustadt an der Weinstraße (Kreisfreie Stadt),53264,0,0,0,0,0,1,1,1,1,1,4,4,5,5,7,8,8,10,10,11,40,40,42,45,45,50,54,57,59,64,65,67,71,75,77,79,81,81,81,86,86,86,87,89,89,89,90,90,90,90,92,92,92,92,92,92,92,103,103,103,103,104,104,104,104,104,104,104,104,104,104,105,105,105,105,105,105,105,105,105,105,105,105,105,105,105,105,105,105,105,106,106,106,106,106,106,106,106,106,106,106,106,106,106,106,106,106,106,106,106,106,106,107,107,107,107,107,108,108,108,108,109,109,109,109,109,111,111,113,113,113,113,113,113,113,114,114,114,114,114,115,120,120,120,120,120,120,120,120,121,121,121,123,124,123,124,125,125,125,125,128,129,131,131,131,131,134,134,135,136,139,139,139,139,139,140,140,140,140,140,141,141,141,141,141,141,141,141,141,141,142,142,142,142,143,144,144,146,147,147,147,149,150,150,150,150,150,150,155,155,158,159,159,159,159,160,160,161,162,162,162,163,164,170,170,173,174,174,174,176,180,183,186,188,188,188,194,199,200,208,218,222,225,225,244,246,262,270,270,290,300,307,312,325,336,336,342,350,361,370,372,385,393,393,417,432,442,456,471,472,472,495,503,522,539,551,557,564,579,595
09775,Neu-Ulm (Landkreis),175204,2,2,2,2,2,2,2,2,3,8,8,9,10,10,17,18,33,46,56,56,70,78,91,97,117,122,128,141,165,185,201,213,228,234,243,275,289,288,301,314,315,320,324,348,374,374,379,382,383,385,385,398,401,405,407,393,393,393,395,395,395,398,400,401,402,402,403,404,404,404,407,407,407,408,408,408,408,409,409,409,412,412,413,413,413,413,414,414,414,414,414,414,415,415,416,416,416,416,416,417,417,417,417,417,417,417,417,417,417,417,419,419,419,420,423,423,426,426,426,426,426,426,426,426,427,428,429,433,434,436,436,436,440,440,445,447,447,447,447,448,450,450,450,450,450,452,452,454,457,457,459,459,461,463,464,467,467,467,467,467,468,471,475,483,483,483,495,498,499,504,517,517,517,540,539,542,549,562,562,562,580,581,584,586,588,589,589,597,605,617,630,638,648,648,655,667,680,692,704,705,724,727,729,734,743,748,757,762,762,765,768,775,786,789,800,803,805,816,823,846,848,862,868,871,882,887,908,915,915,935,948,960,984,1018,1035,1079,1090,1106,1128,1184,1220,1239,1279,1313,1329,1351,1395,1412,1470,1483,1545,1545,1580,1599,1675,1735,1759,1759,1796,1877,1931,2010,2062,2151,2151,2187,2187,2264,2264,2400,2472,2555,2584,2632,2670,2755,2811,2866,2834,2835
07138,Neuwied (Landkreis),182811,0,0,0,0,1,1,1,2,2,8,10,10,14,36,36,52,61,61,73,87,91,107,112,123,123,123,145,145,145,153,155,156,161,161,175,184,192,197,200,200,200,200,208,208,212,213,213,214,214,214,206,208,208,208,209,209,209,209,209,209,209,210,210,210,210,210,210,210,210,210,210,210,210,210,210,210,211,211,211,211,211,211,211,211,211,211,213,213,213,214,214,214,214,214,214,214,214,214,214,215,215,215,215,215,215,215,215,215,215,215,215,215,215,215,215,215,215,215,215,215,215,215,215,215,216,216,216,217,217,217,217,226,226,228,228,228,229,229,229,230,232,232,232,232,232,232,233,234,236,240,240,240,244,244,247,248,248,248,254,256,257,264,265,268,268,268,275,278,278,284,285,286,287,289,289,296,298,301,301,301,312,312,313,319,323,323,333,340,344,348,351,355,355,359,361,362,362,366,367,367,375,377,378,378,390,407,407,407,418,419,444,456,458,458,458,477,489,515,537,550,550,550,563,587,612,628,639,639,639,662,672,696,717,738,796,811,827,843,865,910,942,966,991,1020,1045,1079,1124,1166,1202,1232,1264,1301,1336,1380,1426,1471,1497,1549,1561,1589,1618,1650,1698,1733,1749,1757,1795,1821,1867,1896,1942,1965,1978,2009,2087,2147,2199,2249,2264,2288
03256,Nienburg (Weser) (Landkreis),121390,0,0,0,0,0,0,0,0,2,2,2,2,5,6,6,8,15,15,17,19,21,22,22,24,26,27,29,36,38,39,42,42,52,52,54,56,60,60,60,60,60,60,62,62,63,63,63,64,64,64,64,64,64,64,65,69,69,70,70,70,70,70,70,71,71,71,71,71,71,71,71,71,71,71,71,71,71,71,72,73,73,73,73,74,74,74,74,74,74,74,74,74,74,75,75,75,75,75,75,75,75,75,75,75,75,76,76,76,76,76,76,76,77,78,80,80,80,81,81,81,81,82,82,82,82,82,82,82,82,82,82,82,82,82,82,82,82,82,82,82,85,87,87,88,88,88,89,92,94,96,96,96,96,96,96,96,96,96,96,96,96,96,97,100,101,102,102,103,103,104,104,104,104,104,104,104,104,105,105,105,105,105,105,105,105,105,105,105,105,105,105,105,105,105,106,108,109,109,111,112,112,114,115,115,116,118,118,118,119,119,119,120,121,123,124,124,127,132,134,141,141,157,160,168,176,183,190,200,206,207,218,224,236,247,256,266,268,274,282,296,305,310,317,321,328,344,359,372,388,395,398,415,434,450,465,478,478,488,521,539,562,576,604,606,618,644,672,693,711,729,730,736,747,772,787,796,815,816,819,832
01054,Nordfriesland (Kreis),165951,0,0,0,0,0,0,0,0,0,1,1,2,2,2,10,10,16,18,19,19,20,22,24,27,36,39,39,40,42,45,48,48,49,51,52,53,59,64,64,65,67,68,67,68,69,71,71,71,71,71,76,77,78,78,78,78,78,79,79,81,81,81,82,82,82,82,82,82,82,82,82,85,85,85,85,85,85,84,85,85,85,85,85,85,85,85,85,85,88,89,89,89,89,89,89,89,89,89,89,89,89,89,89,89,89,89,89,89,90,90,90,90,90,90,90,90,90,90,90,90,90,90,90,90,90,90,90,90,90,90,90,90,91,91,91,92,92,92,93,93,93,93,94,94,94,94,95,95,97,97,97,97,97,96,96,96,96,97,98,98,98,98,98,99,99,99,100,100,100,100,101,101,101,101,101,103,104,105,106,106,108,109,108,109,109,109,109,110,110,111,111,111,111,112,112,112,112,113,113,114,114,114,114,118,119,122,123,124,129,132,137,137,141,144,147,149,149,151,152,156,156,156,159,161,163,166,167,168,170,172,178,182,190,202,223,223,228,254,269,304,340,358,367,399,405,417,429,460,468,475,519,529,540,542,571,586,588,593,614,621,626,640,644,646,648,654,659,660,666,672,674,676,684,685,685,690,692,702,711,713
16062,Nordhausen (Landkreis),83416,0,0,0,0,0,0,0,0,0,2,2,2,2,2,2,2,3,3,4,6,6,7,9,10,10,11,15,17,17,17,21,21,21,22,26,26,31,32,31,35,40,40,40,41,45,46,51,51,56,52,53,56,56,57,57,58,58,58,59,59,59,59,58,58,59,60,60,60,60,59,59,59,60,60,60,60,60,60,61,61,61,61,60,61,61,61,61,61,61,61,61,61,62,62,64,64,64,64,65,65,65,65,65,65,65,65,64,64,66,66,66,66,66,66,65,65,65,65,65,65,65,65,65,65,65,65,65,65,65,65,65,65,65,65,65,66,66,66,66,66,66,66,66,66,66,66,66,66,66,66,66,66,66,66,66,66,67,67,67,67,67,67,71,71,71,71,71,71,72,72,73,73,73,72,72,73,73,73,73,74,74,74,74,74,74,74,74,74,74,74,74,74,75,75,75,75,75,74,74,74,74,75,75,75,75,76,76,76,76,75,75,75,75,76,76,76,76,76,76,77,77,77,77,77,77,78,81,81,81,81,84,86,93,104,106,106,112,118,126,127,129,133,133,135,154,155,173,175,175,175,176,179,187,198,204,208,208,217,256,260,280,311,311,311,314,332,346,358,360,360,408,422,434,461,473,478,480,482,496,496
14730,Nordsachsen (Landkreis),197741,0,0,0,0,0,0,0,0,0,2,2,3,3,6,6,10,15,15,17,17,20,21,26,29,31,37,37,41,55,61,73,74,79,78,83,92,95,94,100,106,105,105,114,117,120,121,123,123,125,129,131,134,134,135,135,135,136,136,136,136,136,136,137,139,139,139,139,139,139,139,139,140,140,140,140,140,140,139,140,140,140,140,140,140,140,140,141,141,141,141,141,141,141,141,141,141,141,141,141,141,141,141,141,141,141,141,141,141,141,141,141,141,141,142,142,142,142,142,142,142,142,142,142,142,142,142,143,143,143,143,143,143,143,143,143,144,144,144,144,145,145,145,147,147,147,147,147,147,148,148,148,148,148,150,150,150,150,150,150,150,150,150,150,151,151,151,151,151,152,152,153,155,155,155,155,159,159,170,170,170,174,203,208,210,213,219,221,221,226,228,228,228,228,228,236,238,240,245,253,254,254,254,256,257,259,262,264,264,267,269,272,273,275,275,275,280,280,281,283,287,290,290,300,306,325,337,350,362,364,374,394,421,433,447,473,487,504,536,561,586,624,668,670,705,881,941,962,1005,1054,1079,1079,1096,1142,1186,1232,1293,1293,1325,1374,1436,1534,1600,1633,1633,1686,1806,1847,1924,2007,2126,2126,2239,2313,2443,2502,2688,2760,2760,2828,2952
13074,Nordwestmecklenburg (Landkreis),157322,0,0,0,0,0,0,0,0,0,0,0,0,3,3,4,15,17,17,17,18,21,24,24,25,28,28,28,36,38,44,51,51,51,51,54,55,59,60,60,63,63,63,64,67,67,68,68,68,69,70,70,71,73,73,73,76,76,76,77,77,77,77,78,78,78,78,78,78,78,78,79,79,80,80,81,81,82,82,82,79,79,79,79,79,79,79,79,79,79,79,79,79,79,79,79,79,79,79,79,79,79,79,79,79,79,79,79,79,79,79,79,79,80,80,80,80,80,80,80,80,80,80,80,80,80,80,80,80,80,80,80,80,80,80,80,80,80,80,81,82,82,84,84,84,84,84,84,84,84,85,85,85,86,86,86,87,88,88,88,88,88,89,92,97,97,97,97,97,98,98,99,99,99,99,99,99,99,99,99,99,99,100,102,104,105,105,105,107,107,107,107,107,107,107,107,108,108,108,108,108,108,108,111,113,114,120,120,120,124,136,136,136,146,146,146,148,148,149,150,153,153,153,154,158,160,161,162,165,165,165,174,180,183,190,190,190,197,207,217,231,241,241,249,250,267,290,307,324,324,324,345,368,391,409,422,438,439,442,481,508,537,557,574,576,577,598,613,643,660,670,674,677,699,709,732,751,751,761,773,807
03155,Northeim (Landkreis),132285,0,0,0,0,0,0,0,0,3,4,5,5,7,7,7,13,17,17,17,22,27,29,32,33,33,33,40,41,42,49,53,53,53,62,62,64,67,73,73,79,85,87,90,96,98,102,102,106,107,111,115,115,117,117,117,117,117,119,119,119,119,119,119,119,119,120,120,120,120,120,119,119,120,120,120,120,121,122,122,122,122,122,122,122,122,122,123,124,124,124,124,124,124,124,125,126,127,127,127,128,128,128,128,129,130,130,134,139,139,139,140,140,141,141,143,143,143,144,147,147,147,147,147,147,147,148,148,149,150,150,150,150,150,151,151,151,151,151,152,152,152,152,152,152,152,152,152,152,153,153,153,153,157,159,159,160,162,162,162,163,163,163,163,163,163,163,163,166,166,166,168,168,168,168,168,169,169,170,170,170,171,171,171,173,175,175,176,179,179,179,180,181,181,181,181,181,181,182,183,183,183,183,183,183,183,184,184,184,184,184,184,184,185,185,185,185,185,189,189,191,194,198,199,199,260,330,333,333,338,339,341,344,350,350,351,356,358,359,370,379,388,392,404,407,409,421,432,447,453,453,475,481,500,507,520,531,539,541,546,566,586,599,607,622,627,629,648,676,685,693,699,700,701,708,715,721,728,735,738,740
09564,Nürnberg (Kreisfreie Stadt),518370,3,4,8,9,9,12,13,14,15,19,27,27,28,30,53,61,74,74,93,116,134,180,202,213,230,237,250,268,326,361,412,451,483,503,511,687,733,794,818,841,852,852,852,852,814,842,857,855,873,892,902,909,919,927,927,939,962,966,970,973,974,976,984,985,998,1003,1003,1005,1011,1011,1021,1026,1029,1029,1029,1043,1043,1043,1043,1048,1048,1048,1054,1055,1058,1058,1059,1059,1059,1059,1063,1063,1063,1068,1068,1068,1071,1071,1073,1073,1080,1080,1080,1087,1089,1091,1093,1098,1098,1098,1106,1108,1108,1108,1108,1108,1108,1112,1113,1113,1114,1116,1116,1116,1123,1125,1128,1130,1134,1134,1134,1144,1145,1146,1153,1154,1154,1154,1158,1163,1166,1171,1174,1174,1174,1180,1186,1187,1199,1206,1212,1212,1209,1212,1214,1218,1219,1219,1219,1224,1233,1246,1257,1260,1260,1260,1291,1309,1336,1349,1372,1372,1372,1413,1421,1440,1467,1482,1485,1485,1505,1520,1543,1564,1577,1577,1577,1668,1712,1734,1756,1771,1771,1771,1804,1828,1851,1877,1900,1900,1900,1944,1974,1995,2013,2028,2028,2028,2059,2074,2085,2110,2128,2128,2128,2162,2200,2238,2257,2308,2308,2308,2360,2399,2443,2514,2577,2577,2577,2577,2644,2692,2793,2876,2928,2928,2928,3148,3307,3506,3514,3629,3733,3733,4012,4237,4355,4355,4642,4671,4672,4883,5196,5449,5778,5937,6031,6031,6308,6472,6693,6979,7272,7391,7391,7609,7876,8169,8449,8672,8999,8999,9276,9777,10138,10496,10664,10815,10815,11075
09574,Nürnberger Land (Landkreis),170792,0,0,0,1,1,1,1,1,1,1,3,3,6,7,23,36,40,40,71,79,93,124,138,154,154,201,215,234,282,320,357,357,375,383,409,427,453,464,464,464,502,511,518,529,537,537,555,556,566,572,579,581,581,587,588,589,590,592,592,593,596,596,600,603,605,611,611,613,613,615,619,621,621,621,621,623,624,624,624,625,625,625,625,625,625,625,625,625,625,625,625,627,627,627,627,627,628,628,628,628,628,628,629,632,632,632,632,632,632,632,633,633,633,634,634,634,634,634,635,635,635,635,635,635,635,635,635,635,635,635,635,636,636,639,643,643,647,647,646,647,647,653,655,655,655,657,657,660,660,662,665,665,663,662,664,666,666,666,666,667,669,669,671,671,671,671,675,677,679,682,682,682,682,687,690,693,697,699,699,699,708,708,708,709,713,716,716,729,732,736,737,743,744,744,747,750,757,763,762,762,762,764,770,774,779,782,782,785,788,789,792,793,794,794,794,798,801,808,814,824,824,824,843,849,852,868,884,891,897,902,913,919,945,971,979,998,999,1023,1055,1075,1096,1100,1100,1167,1190,1226,1260,1285,1285,1323,1375,1397,1426,1474,1506,1506,1554,1574,1622,1677,1720,1759,1759,1789,1845,1871,1921,1959,1999,1999,2028,2091,2169,2240,2307,2374,2374,2407,2535,2601
09780,Oberallgäu (Landkreis),156008,0,1,1,1,4,7,8,9,14,14,14,24,28,34,36,45,45,50,50,51,51,63,70,77,87,91,96,99,105,108,117,127,130,137,144,146,148,152,153,153,153,153,155,162,162,163,163,163,165,165,165,165,165,166,166,166,166,168,168,168,168,170,171,170,171,171,171,171,171,171,172,171,172,172,172,172,173,172,172,172,172,172,172,172,175,180,180,180,180,180,182,182,182,182,182,182,183,184,184,184,184,184,184,184,184,184,184,184,184,184,184,186,187,187,187,187,187,187,187,188,189,189,189,189,189,189,189,192,192,192,192,192,192,192,192,192,192,192,192,192,193,193,193,193,193,201,202,202,203,203,206,206,208,208,208,208,208,208,208,210,210,212,215,215,215,215,218,219,222,224,225,225,225,225,228,228,232,234,234,234,234,233,233,234,234,235,235,239,239,243,248,248,248,248,248,257,259,265,266,266,266,269,270,272,278,278,280,280,281,283,283,283,288,290,290,295,296,297,305,309,309,309,321,322,335,341,354,354,354,372,374,392,407,448,448,488,506,526,578,607,617,671,673,673,727,763,869,906,906,906,998,998,1073,1131,1180,1214,1260,1266,1296,1316,1328,1373,1422,1446,1461,1466,1500,1537,1562,1632,1655,1682,1684,1684,1744,1792,1820,1853,1858,1869
05374,Oberbergischer Kreis (Kreis),272057,2,2,5,5,5,6,6,10,14,14,26,26,33,50,51,69,78,100,100,101,124,141,163,180,203,222,235,267,280,303,306,314,314,327,347,354,362,371,374,374,386,387,397,402,406,423,423,423,425,431,437,439,439,439,444,448,449,449,451,451,451,451,456,458,462,464,464,464,464,465,465,467,471,472,472,472,475,476,477,477,480,480,480,486,486,486,487,487,487,487,487,489,490,489,490,490,490,490,490,490,490,490,490,490,490,490,490,490,490,490,490,491,493,494,496,496,496,496,494,496,497,501,501,501,501,501,502,502,503,503,504,504,504,504,504,506,506,507,507,508,508,509,513,513,514,514,516,519,519,524,525,526,526,532,533,535,536,539,540,540,548,554,557,561,565,572,572,577,580,587,596,602,602,603,604,608,611,613,618,618,618,622,628,629,630,632,632,640,643,645,650,652,652,660,661,688,693,718,730,739,751,751,761,774,778,789,799,826,826,840,864,875,890,903,907,908,931,944,955,967,983,998,998,1011,1019,1036,1048,1077,1094,1097,1117,1147,1181,1217,1248,1292,1305,1347,1412,1477,1548,1629,1681,1681,1752,1809,1877,1987,2042,2092,2128,2164,2239,2301,2397,2464,2464,2523,2620,2678,2783,2862,2935,2980,2980,3030,3115,3191,3269,3342,3392,3392,3440,3533,3647,3728,3795,3836,3836,3972
05119,Oberhausen (Kreisfreie Stadt),210764,0,0,0,0,0,0,0,1,3,8,10,10,12,13,18,26,35,35,36,37,38,44,48,61,63,66,68,69,78,83,91,108,108,114,117,125,134,134,141,144,144,145,147,157,157,164,169,170,170,171,176,178,180,181,182,183,186,189,190,214,233,226,226,227,233,240,244,244,245,244,248,249,252,253,253,253,253,253,253,255,255,255,256,257,258,257,260,260,260,260,260,261,262,265,265,266,266,266,269,269,269,269,269,269,269,269,269,270,273,277,277,277,277,289,293,293,296,296,296,296,301,302,302,303,303,305,305,312,314,314,315,316,318,323,324,328,330,336,337,346,347,350,360,368,371,371,374,379,380,386,390,397,399,403,406,414,416,416,421,421,424,431,441,445,450,453,453,456,461,467,468,468,469,469,481,483,486,490,495,502,502,506,509,519,520,520,525,525,531,533,537,540,541,548,548,548,550,554,557,568,574,574,581,582,589,592,597,603,603,610,612,616,618,626,629,629,636,642,653,667,677,687,687,692,702,725,741,752,784,786,804,820,857,887,930,982,982,1027,1080,1117,1147,1157,1211,1211,1211,1463,1475,1542,1645,1725,1758,1797,1890,1977,2069,2144,2225,2266,2312,2371,2457,2524,2606,2645,2654,2688,2755,2809,2878,2932,2959,2980,3018,3066,3147,3210,3296,3338,3367,3444
12065,Oberhavel (Landkreis),212914,1,1,1,1,1,1,1,1,1,1,1,4,4,5,13,23,29,37,37,37,50,54,65,76,85,95,101,106,115,119,126,133,137,141,144,149,152,155,155,161,162,164,165,168,172,176,177,195,202,207,258,259,261,261,263,263,265,268,268,273,275,275,275,284,288,299,301,301,303,306,309,311,312,312,313,313,313,313,313,313,313,313,314,314,314,315,317,317,317,317,317,317,317,317,317,317,317,317,317,320,320,320,320,322,322,322,322,322,322,322,322,322,324,324,324,326,326,326,326,327,327,327,327,328,328,328,329,329,330,330,330,330,330,330,331,331,333,333,333,334,335,335,337,337,337,337,337,340,340,341,341,341,342,342,343,344,345,350,351,351,351,352,352,352,353,356,356,356,358,359,360,363,363,363,363,363,365,365,367,367,367,367,367,367,369,369,369,369,369,370,370,370,370,370,370,370,371,371,372,376,378,380,380,383,383,384,389,390,395,395,402,402,404,407,407,407,410,424,430,430,435,438,452,467,476,488,498,498,504,511,525,535,546,569,569,593,615,628,638,660,693,718,722,743,767,798,809,845,846,865,897,955,992,1018,1045,1047,1082,1111,1132,1144,1167,1195,1221,1247,1262,1309,1336,1380,1433,1481,1512,1520,1584,1664,1710,1752,1777,1787,1819,1848
12066,Oberspreewald-Lausitz (Landkreis),109371,0,0,0,0,0,1,1,2,2,2,2,2,5,5,5,5,6,6,11,11,11,13,13,14,16,18,18,19,22,25,28,28,28,31,31,33,36,36,36,36,37,38,38,39,40,40,40,40,40,41,41,42,42,42,42,42,42,42,43,43,43,43,43,43,43,45,45,45,45,45,46,49,49,49,49,49,49,49,49,49,49,49,49,49,49,49,50,50,50,50,50,50,50,51,51,51,51,51,51,52,52,52,52,52,52,52,52,52,52,52,52,52,52,52,52,52,52,52,52,53,53,53,53,53,53,53,53,53,54,56,56,56,58,58,58,58,59,59,59,59,59,59,60,60,60,60,60,60,60,60,60,60,61,61,61,61,61,61,61,61,61,61,61,61,62,65,65,65,67,69,69,69,69,69,69,69,69,69,69,69,69,69,69,70,70,70,70,70,70,70,70,70,70,70,70,72,72,72,72,73,73,73,73,74,74,76,76,76,76,76,77,77,79,79,80,80,82,84,86,94,97,100,102,103,112,112,122,125,129,129,131,145,167,180,191,199,214,217,237,249,268,285,304,315,324,349,375,408,440,465,503,512,535,560,593,603,633,643,687,727,744,744,814,858,915,938,983,1043,1111,1176,1239,1263,1272,1330,1406,1528,1539,1609,1647,1789
06437,Odenwaldkreis (Landkreis),96703,0,0,0,0,0,0,0,0,0,0,2,2,2,7,8,13,16,17,23,24,24,31,46,47,58,60,60,70,93,97,106,131,131,132,138,161,166,180,185,187,192,200,204,220,233,243,252,252,275,292,309,314,316,323,324,336,348,351,358,360,363,362,365,375,380,384,387,387,388,390,394,394,397,401,401,402,402,402,403,403,403,403,403,405,406,406,406,406,406,406,406,407,407,407,407,407,407,407,407,407,407,407,407,407,407,408,409,409,409,409,409,409,409,409,409,409,409,410,410,410,410,411,411,411,411,411,411,411,412,412,412,416,416,417,417,417,418,418,418,418,418,418,418,418,418,418,418,418,418,429,429,435,437,437,442,444,444,447,447,447,450,451,452,453,453,454,454,455,459,459,463,463,463,463,463,463,463,465,465,466,466,466,466,466,467,467,467,467,467,468,468,468,468,469,474,474,476,476,480,480,482,483,484,487,488,491,491,491,491,491,491,491,493,493,493,494,494,497,498,500,500,507,511,513,519,521,528,532,538,547,551,557,572,615,640,667,684,684,709,737,765,793,811,815,829,853,870,889,905,928,953,958,977,996,1014,1033,1074,1085,1087,1113,1142,1164,1188,1208,1212,1213,1229,1255,1280,1320,1335,1347,1348,1373,1397,1413,1440,1467,1474,1480
12067,Oder-Spree (Landkreis),178803,0,0,0,0,0,0,0,1,2,4,7,7,11,14,23,32,37,42,46,46,49,51,60,69,73,75,75,79,80,80,81,83,83,85,90,91,92,95,98,98,99,99,101,101,101,104,105,105,110,111,112,113,118,119,120,121,121,123,125,127,128,128,128,128,129,129,129,129,129,129,129,130,131,131,131,131,131,131,131,131,131,131,131,131,132,133,133,133,133,133,133,134,134,134,136,136,136,136,136,137,139,139,142,142,142,142,142,142,142,142,143,143,143,143,143,143,143,143,143,143,143,144,144,144,144,145,145,145,145,145,145,147,148,148,149,149,149,149,149,149,149,150,150,150,151,151,151,151,152,153,153,153,154,154,157,158,160,161,162,162,162,164,165,167,168,170,170,171,172,174,177,177,177,177,177,178,178,178,178,178,178,178,178,179,179,180,180,180,180,180,180,180,180,180,180,181,181,181,181,182,182,183,183,187,187,188,192,193,193,195,201,203,205,212,222,227,231,239,246,260,282,290,295,300,314,326,340,352,366,378,383,396,402,409,421,431,440,444,451,464,492,503,531,540,553,570,608,638,673,712,722,744,772,796,825,852,878,893,917,959,989,1053,1103,1134,1145,1180,1222,1271,1320,1378,1422,1430,1466,1511,1562,1596,1711,1741,1782,1847
06438,Offenbach (Landkreis),355813,0,0,0,0,0,1,1,1,7,8,8,19,19,23,35,50,65,73,76,86,95,112,122,131,160,176,176,179,194,207,219,232,241,248,256,273,289,306,314,321,342,345,357,368,378,383,395,397,399,402,414,422,436,432,433,440,445,461,468,474,475,480,483,486,505,517,525,529,529,532,540,550,559,563,568,569,573,580,588,596,598,600,609,610,613,616,621,623,624,628,628,628,628,629,629,629,630,630,631,632,635,638,638,643,643,643,649,659,666,672,672,672,675,678,678,680,683,682,687,693,692,695,695,695,697,698,700,702,708,708,708,710,718,722,723,726,730,730,732,736,741,756,759,760,760,767,771,774,781,784,784,791,797,802,810,824,837,843,855,860,869,876,882,893,893,893,911,919,928,941,958,958,976,972,990,999,998,1007,1017,1022,1034,1042,1047,1051,1055,1055,1055,1072,1079,1089,1093,1097,1103,1106,1114,1114,1123,1139,1144,1156,1156,1168,1175,1186,1202,1217,1217,1252,1257,1269,1286,1295,1317,1336,1352,1357,1368,1393,1416,1445,1475,1496,1513,1526,1546,1585,1627,1700,1715,1731,1765,1812,1877,1925,2004,2048,2124,2271,2362,2483,2620,2737,2847,2925,3007,3141,3256,3397,3524,3615,3686,3764,3922,4064,4204,4320,4435,4548,4636,4796,4981,5137,5263,5310,5381,5455,5586,5720,5840,5959,6048,6116,6182,6278,6429,6591,6679,6740,6835,6886
06413,Offenbach am Main (Kreisfreie Stadt),130280,0,0,0,0,0,0,1,1,1,1,1,1,5,5,5,5,6,6,9,11,13,15,18,19,22,24,26,26,29,32,33,34,35,43,42,47,49,52,53,54,54,56,59,59,62,68,70,72,72,74,75,75,75,83,85,88,95,97,100,101,104,107,112,115,120,123,124,130,131,131,137,139,141,141,142,143,144,148,148,155,155,157,157,157,158,159,160,160,160,160,160,161,161,161,161,161,161,163,165,165,165,165,165,165,165,169,171,175,175,175,179,180,183,186,187,187,193,194,195,199,205,207,207,207,212,212,215,217,218,219,219,221,223,225,229,233,233,234,234,235,239,242,244,244,244,249,249,265,270,276,292,295,295,300,304,307,309,312,323,324,329,333,340,346,351,360,364,371,375,397,412,423,431,438,443,451,459,462,464,465,467,469,471,473,480,485,488,488,490,494,495,500,504,509,510,511,517,525,527,529,529,529,529,534,544,547,554,567,570,573,580,586,595,595,609,622,633,653,675,687,702,721,723,736,764,794,831,856,870,879,901,933,960,1015,1040,1107,1117,1169,1209,1279,1347,1388,1443,1473,1509,1550,1620,1669,1695,1818,1848,1927,1998,2066,2149,2149,2233,2328,2388,2460,2528,2610,2610,2739,2767,2805,2858,2904,2974,3041,3090,3105,3167,3246,3324,3386,3386,3500,3507,3542
03458,Oldenburg (Landkreis),130890,0,1,1,1,1,1,1,1,4,4,4,4,4,8,9,12,15,16,16,16,25,33,45,56,60,96,108,113,119,146,159,159,169,169,185,182,182,190,190,190,195,202,202,203,208,208,212,216,216,216,218,225,225,226,227,229,230,232,232,232,232,232,232,233,232,234,234,236,236,236,236,237,237,237,237,240,240,240,241,241,241,242,242,243,243,243,243,243,243,243,243,244,244,244,244,244,244,245,245,245,245,245,245,245,245,245,245,245,245,245,245,257,264,276,289,289,293,299,301,303,312,317,317,320,320,322,324,325,326,326,328,328,331,331,337,337,337,337,337,338,338,339,339,339,339,341,341,349,350,351,351,351,361,361,368,371,377,377,377,387,390,394,400,408,408,408,412,413,412,413,416,416,416,433,433,436,436,436,436,436,438,440,441,442,444,444,444,444,462,462,462,461,461,461,464,465,465,466,466,466,466,478,482,482,487,489,489,489,502,508,511,514,517,517,517,545,552,556,577,590,590,590,611,624,637,651,669,669,669,729,742,775,821,867,867,921,932,942,993,1037,1071,1071,1071,1124,1157,1211,1239,1279,1279,1279,1322,1375,1405,1429,1454,1454,1454,1464,1435,1469,1486,1511,1511,1511,1544,1568,1584,1615,1649,1649,1649,1685,1704,1726,1748,1774,1774,1774,1838,1864
03403,Oldenburg (Oldb) (Kreisfreie Stadt),169077,1,1,1,2,2,2,6,6,6,11,11,11,18,25,26,30,31,31,31,49,61,74,76,91,91,91,107,111,116,130,143,143,143,159,162,173,184,184,184,184,184,189,190,190,194,194,194,196,196,196,202,202,202,202,202,210,212,212,212,212,212,212,213,214,214,214,214,214,214,215,216,218,219,220,220,220,221,224,225,225,225,225,225,225,225,225,227,227,227,227,227,228,228,228,228,228,228,228,228,228,228,228,228,228,228,228,228,228,228,228,228,228,230,232,233,234,235,235,235,237,240,240,240,241,242,244,244,244,247,247,247,247,248,248,248,248,248,248,249,249,249,250,250,250,250,253,253,254,255,255,255,255,255,256,258,259,259,259,259,259,261,261,263,263,263,263,264,264,270,271,273,273,273,276,280,281,283,284,284,284,285,286,287,288,288,288,288,296,297,297,299,302,302,302,306,309,310,314,318,318,318,334,337,341,345,349,349,349,356,357,367,375,382,382,382,391,391,397,399,402,405,411,411,413,413,423,432,438,443,452,461,482,486,493,510,517,534,534,534,629,629,640,658,670,706,726,756,800,815,848,853,886,908,942,960,978,994,1016,1028,1060,1082,1111,1133,1136,1137,1141,1159,1179,1204,1224,1243,1251,1264,1278,1315,1333,1348,1383,1393,1403
05966,Olpe (Kreis),133955,0,0,0,0,0,0,0,0,6,6,6,6,12,14,14,14,17,18,18,19,35,45,85,93,93,102,127,147,166,193,199,216,228,264,283,333,358,372,389,400,422,427,431,470,473,483,493,493,496,512,508,510,522,560,564,564,570,578,566,574,574,577,579,582,590,593,597,602,605,609,613,614,616,618,619,619,619,619,619,619,619,621,621,624,627,628,630,630,630,632,632,634,636,636,636,637,637,637,637,637,637,638,639,639,648,648,648,648,648,651,651,651,651,651,651,651,651,653,653,653,655,655,655,657,657,657,657,657,659,659,665,665,665,665,665,667,667,667,667,667,667,674,674,674,676,676,678,678,679,681,681,685,686,686,687,688,690,691,692,693,693,693,709,716,718,718,722,724,732,733,740,740,740,743,743,747,749,751,751,751,752,752,753,754,756,756,759,761,763,766,768,768,768,773,778,780,780,783,785,785,785,790,790,791,792,797,797,799,801,801,804,807,809,809,817,818,821,830,837,843,843,861,874,894,904,911,930,930,932,954,974,999,1012,1051,1067,1092,1113,1131,1171,1199,1230,1230,1311,1325,1336,1374,1410,1434,1434,1471,1480,1497,1520,1548,1568,1605,1636,1655,1672,1695,1726,1758,1785,1790,1790,1817,1843,1858,1873,1889,1896,1902,1915,1933,1944,1963,1972,1986,1988,2009
08317,Ortenaukreis (Landkreis),430953,0,0,2,6,7,12,12,17,17,24,24,25,43,49,60,76,82,92,110,122,135,164,180,214,272,304,327,366,401,483,550,597,624,640,655,691,752,778,815,824,828,836,849,854,897,908,925,926,943,960,981,1002,1014,1020,1027,1035,1057,1065,1073,1082,1089,1091,1096,1104,1109,1120,1122,1125,1131,1133,1139,1143,1146,1149,1161,1170,1189,1199,1203,1204,1209,1209,1212,1213,1224,1226,1227,1227,1227,1228,1228,1228,1228,1225,1226,1226,1226,1227,1227,1230,1228,1228,1227,1227,1227,1227,1227,1227,1227,1227,1228,1228,1228,1228,1229,1229,1229,1231,1231,1231,1232,1233,1233,1233,1234,1235,1237,1223,1225,1225,1225,1225,1225,1226,1229,1230,1230,1230,1233,1233,1234,1234,1234,1234,1234,1234,1234,1235,1235,1236,1236,1236,1237,1240,1240,1245,1245,1245,1245,1251,1251,1253,1261,1266,1266,1266,1275,1281,1289,1300,1306,1321,1323,1323,1341,1345,1356,1361,1367,1370,1374,1381,1383,1388,1395,1399,1399,1405,1411,1414,1419,1428,1432,1439,1441,1449,1455,1468,1474,1481,1482,1482,1503,1521,1529,1544,1557,1561,1573,1578,1587,1590,1604,1615,1629,1648,1679,1722,1745,1782,1782,1825,1849,1859,1880,1923,1974,1991,2023,2041,2083,2122,2191,2247,2302,2318,2386,2474,2584,2665,2792,2902,2954,3013,3103,3198,3310,3480,3608,3633,3716,3809,3939,4090,4212,4343,4345,4459,4552,4653,4828,4930,4930,5109,5128,5186,5312,5421,5521,5599,5667,5685,5763,5904,6009,6152,6266,6339,6374,6489
03404,Osnabrück (Kreisfreie Stadt),165251,0,0,0,0,0,1,1,1,7,7,19,19,38,54,62,83,101,108,119,135,145,174,197,199,215,224,249,259,267,276,285,300,312,322,332,368,377,382,400,404,404,409,416,425,434,437,437,446,447,450,453,454,458,458,458,457,458,458,460,461,465,468,470,471,476,486,484,486,486,486,488,489,489,490,490,491,492,494,496,496,496,497,497,498,500,500,504,505,505,506,506,508,508,509,510,511,512,512,513,513,515,516,516,517,516,517,517,517,518,518,518,518,520,520,523,523,523,523,525,525,525,525,525,525,526,526,527,528,528,528,528,528,528,529,531,534,534,536,536,536,538,538,538,538,538,538,539,539,539,539,540,541,541,542,542,543,548,552,559,560,564,567,571,573,574,575,578,578,589,594,601,607,607,608,613,619,621,623,624,626,628,631,632,633,636,637,639,642,645,645,650,654,659,662,664,667,671,678,692,701,703,711,718,722,729,735,740,746,752,756,761,765,771,773,776,780,783,792,796,803,809,816,823,826,833,839,853,864,881,896,903,924,948,965,996,1019,1035,1060,1084,1109,1137,1183,1234,1250,1277,1309,1350,1389,1422,1444,1459,1483,1507,1543,1577,1615,1625,1648,1670,1695,1740,1787,1828,1865,1876,1906,1931,1979,2040,2079,2106,2145,2181,2231,2275,2344,2375,2406,2416,2458
03459,Osnabrück (Landkreis),358080,0,1,1,1,1,2,2,2,15,15,39,39,47,50,61,74,91,107,119,134,146,175,213,236,256,279,288,319,331,361,418,448,472,512,531,629,658,679,743,750,750,768,790,805,824,847,846,875,880,886,892,906,920,915,919,924,925,929,934,946,958,962,971,976,982,992,1000,1014,1016,1022,1033,1034,1036,1038,1043,1108,1113,1117,1118,1172,1173,1173,1178,1180,1183,1188,1192,1193,1195,1196,1197,1198,1199,1201,1204,1204,1205,1205,1206,1208,1209,1211,1212,1212,1212,1212,1212,1212,1212,1212,1213,1214,1214,1216,1216,1216,1217,1217,1217,1218,1219,1220,1220,1220,1220,1221,1221,1223,1223,1224,1224,1224,1224,1225,1225,1228,1233,1233,1234,1236,1236,1238,1238,1240,1240,1240,1240,1241,1243,1247,1248,1250,1253,1258,1258,1259,1265,1267,1270,1271,1276,1282,1286,1286,1287,1287,1289,1292,1293,1298,1303,1304,1305,1307,1310,1311,1311,1314,1314,1319,1317,1318,1323,1324,1324,1328,1332,1334,1340,1348,1352,1356,1360,1364,1366,1375,1381,1393,1397,1407,1418,1420,1429,1435,1448,1449,1458,1462,1469,1471,1485,1499,1517,1526,1538,1551,1559,1572,1591,1612,1643,1685,1709,1730,1759,1779,1819,1843,1872,1900,1912,1946,1992,2039,2075,2131,2156,2208,2248,2354,2447,2555,2663,2704,2780,2858,2967,3115,3207,3285,3364,3437,3546,3719,3875,4011,4081,4187,4347,4437,4633,4812,4961,5103,5130,5220,5311,5415,5538,5631,5693,5760,5825,5905,6025,6116,6186,6284,6308,6394
08136,Ostalbkreis (Landkreis),314025,3,3,3,3,3,4,4,5,11,18,25,42,48,89,101,114,127,127,166,186,230,272,321,360,390,432,456,475,517,555,581,595,611,630,641,677,739,739,739,949,949,980,1003,1037,1076,1076,1178,1190,1225,1246,1251,1265,1280,1280,1307,1312,1330,1331,1348,1348,1348,1348,1353,1366,1375,1380,1380,1380,1395,1397,1412,1415,1418,1418,1418,1422,1424,1425,1425,1431,1432,1432,1432,1433,1436,1447,1456,1456,1456,1456,1467,1467,1468,1468,1468,1468,1468,1468,1469,1469,1472,1472,1472,1475,1478,1482,1483,1486,1486,1486,1491,1495,1498,1506,1511,1511,1511,1513,1516,1516,1516,1517,1517,1517,1517,1518,1520,1520,1520,1520,1520,1522,1522,1523,1526,1526,1526,1526,1529,1531,1531,1542,1555,1555,1555,1576,1586,1598,1611,1613,1613,1613,1626,1636,1637,1644,1647,1647,1647,1650,1655,1655,1656,1659,1659,1659,1663,1670,1676,1684,1688,1688,1688,1698,1701,1710,1718,1719,1719,1719,1734,1738,1745,1750,1752,1752,1752,1761,1765,1768,1770,1777,1777,1777,1786,1803,1816,1833,1846,1846,1846,1867,1876,1882,1886,1891,1891,1891,1901,1908,1914,1923,1928,1928,1928,1935,1942,1949,1958,1969,1969,1969,1985,2003,2017,2047,2072,2072,2072,2112,2124,2160,2214,2252,2252,2319,2340,2393,2444,2497,2552,2552,2594,2620,2620,2791,2800,2907,2907,2958,3046,3152,3233,3365,3479,3479,3479,3723,3775,3861,4069,4218,4218,4218,4409,4452,4535,4631,4747,4747,4747,4865,4910,4985,5071,5151,5151,5151,5281,5413
09777,Ostallgäu (Landkreis),141182,3,3,4,4,4,4,5,5,6,8,10,10,11,14,16,16,24,26,38,40,69,78,94,100,116,133,149,156,171,203,258,280,296,312,355,355,368,386,406,433,439,441,450,456,469,476,476,480,480,488,492,493,495,495,495,495,497,501,503,502,502,502,503,497,505,504,502,502,502,502,502,500,501,501,501,502,503,503,503,502,502,502,503,503,503,503,503,503,503,503,503,503,503,503,503,503,503,503,503,503,503,503,503,503,503,503,503,503,503,503,504,504,504,504,505,505,511,511,511,511,515,520,520,520,519,519,520,520,520,520,520,524,524,524,524,526,526,526,527,527,528,528,528,529,529,529,529,529,529,529,531,531,532,534,537,537,538,538,538,538,540,540,541,541,542,542,548,550,551,554,555,557,557,559,563,567,574,577,581,581,584,585,588,593,599,601,602,603,611,615,624,624,631,639,642,651,651,651,651,651,651,666,668,680,680,690,690,690,694,694,698,700,702,704,704,704,710,721,723,731,731,739,739,751,755,779,803,832,832,832,852,892,925,938,967,967,1005,1030,1071,1092,1114,1129,1210,1276,1296,1340,1378,1419,1419,1454,1490,1509,1550,1586,1618,1618,1654,1692,1721,1761,1788,1823,1848,1857,1862,1879,1919,1932,1964,1964,1993,2010,2044,2095,2144,2171,2218,2232,2240,2281
03356,Osterholz (Landkreis),113928,0,0,0,0,0,0,2,2,8,12,12,12,16,20,20,22,24,24,24,27,29,32,36,42,42,42,49,50,55,56,57,57,57,60,60,64,64,64,65,68,68,71,73,73,73,73,74,74,75,76,78,79,79,79,80,81,82,82,82,82,82,83,83,83,83,83,84,84,84,87,90,93,93,93,95,96,98,102,102,107,109,109,109,109,110,111,111,111,111,111,111,111,111,111,111,111,112,112,113,113,115,115,116,116,116,116,117,117,117,117,117,117,117,117,118,118,118,118,119,119,119,119,119,119,119,121,122,122,122,123,123,122,122,123,123,123,123,123,123,123,123,123,123,123,125,125,126,128,128,128,129,130,130,130,131,131,132,132,132,132,135,136,137,138,138,138,138,140,141,141,142,142,142,142,146,146,146,147,147,147,149,149,150,152,153,155,157,158,158,161,163,163,163,165,165,165,166,167,167,169,169,169,169,170,170,170,172,172,172,177,179,182,185,185,185,186,188,190,196,200,209,209,213,213,216,223,226,228,228,246,247,259,273,299,309,347,350,353,362,377,391,402,402,444,458,467,502,532,549,549,590,603,617,643,661,684,715,720,725,751,777,799,818,833,835,837,844,857,879,887,898,898,908,948,976,987,1004,1025,1027,1044
01055,Ostholstein (Kreis),200539,0,0,0,0,0,0,1,1,1,1,2,2,4,4,4,7,11,12,13,13,17,18,22,23,23,23,23,32,39,43,47,51,51,52,52,52,53,54,54,54,57,57,57,58,58,59,59,59,59,59,59,60,63,64,64,64,65,66,67,67,67,67,67,67,67,67,67,66,66,66,66,66,66,66,66,66,67,67,67,68,68,68,68,68,68,68,68,68,68,68,68,68,68,68,68,68,68,68,68,68,68,68,68,68,68,68,68,68,68,68,68,68,68,68,68,68,68,68,68,68,68,68,68,68,68,68,68,68,68,68,69,73,73,73,73,76,77,77,77,79,81,81,81,81,81,82,82,84,83,85,85,85,86,86,86,86,86,86,86,87,88,88,89,91,91,91,91,91,91,92,92,93,93,93,94,94,94,94,94,94,94,94,96,96,96,96,96,96,96,96,96,96,96,98,102,102,104,111,118,118,122,127,129,130,134,134,134,134,137,142,143,143,144,144,144,145,145,150,153,158,159,161,161,162,167,171,179,180,180,218,222,233,237,239,248,261,261,262,274,300,310,316,322,330,344,357,363,379,379,379,396,410,424,426,446,459,463,466,491,513,537,543,550,551,554,565,573,581,593,595,601,602,612,628,629,642,649,652,657,661
12068,Ostprignitz-Ruppin (Landkreis),98861,0,0,0,0,0,0,0,0,0,0,0,0,0,0,1,6,6,7,7,7,7,9,9,11,12,12,13,15,18,19,21,26,31,26,31,33,36,37,39,40,40,40,41,42,42,42,43,44,44,53,62,63,63,64,64,69,73,74,74,74,76,76,76,76,75,75,77,80,80,80,80,87,87,87,87,87,87,89,89,89,89,89,89,89,89,89,86,86,86,86,86,85,85,85,85,85,85,85,85,85,85,85,85,85,85,85,85,86,86,86,86,86,86,86,86,86,86,86,86,86,87,89,89,89,92,93,93,93,93,93,93,93,93,95,95,95,95,95,93,93,93,93,94,94,94,94,94,94,94,95,95,95,97,99,99,103,103,103,103,103,103,103,103,103,103,103,103,103,103,103,103,103,103,103,104,105,105,105,105,105,105,105,105,105,105,105,105,105,105,105,105,106,106,106,106,106,107,107,107,107,107,107,107,107,107,108,109,109,109,111,113,113,113,114,114,114,116,116,116,117,117,117,117,119,127,130,136,136,138,141,147,147,154,169,174,177,183,201,217,243,255,260,276,276,282,298,317,327,327,349,349,361,373,386,397,397,411,413,426,435,457,464,484,485,486,491,512,523,526,526,539,542,563,579,588,610,629,639,639,664
05774,Paderborn (Kreis),307839,0,0,1,2,2,2,2,6,16,32,36,36,41,52,59,71,75,78,88,92,104,120,148,172,191,191,218,252,291,334,351,368,386,397,421,439,470,476,476,476,490,505,509,512,523,534,534,534,542,548,554,564,565,571,572,574,578,578,582,585,585,585,588,590,594,595,596,597,597,600,605,610,613,613,614,614,615,620,623,631,633,635,635,638,643,643,648,648,651,651,654,654,656,660,667,667,667,667,669,669,669,669,669,670,670,673,677,682,687,687,689,697,700,709,715,716,716,717,721,722,723,724,726,726,727,727,727,728,728,731,731,731,731,734,736,741,742,742,743,743,743,744,744,751,751,752,752,753,754,761,767,767,767,770,773,776,778,784,784,783,784,784,790,791,793,793,800,802,806,813,814,819,819,819,822,826,829,832,834,834,834,836,836,841,842,847,847,849,850,853,856,858,869,869,870,872,875,878,881,882,882,885,887,890,892,897,898,898,898,901,905,908,912,918,918,920,922,924,931,936,943,943,943,948,958,970,982,1001,1001,1004,1014,1028,1046,1081,1176,1176,1176,1209,1236,1297,1365,1445,1445,1457,1509,1568,1636,1730,1809,1809,1862,1933,1999,2072,2166,2248,2248,2261,2325,2382,2444,2521,2578,2578,2609,2647,2715,2768,2837,2930,2930,2949,2971,3046,3135,3190,3300,3300,3300,3343
09262,Passau (Kreisfreie Stadt),52803,1,1,2,2,2,2,2,2,2,2,2,3,3,3,4,5,6,7,7,16,16,22,24,27,37,39,45,52,55,57,78,78,90,90,94,98,93,108,108,108,114,116,122,120,120,120,120,120,121,122,123,125,125,123,125,125,125,126,124,124,125,125,126,126,128,128,128,128,128,128,128,128,128,130,130,130,130,130,130,130,130,130,130,130,132,132,132,132,132,132,132,132,132,132,132,132,132,132,132,132,133,133,133,133,133,133,133,134,134,134,134,134,134,134,134,134,137,138,138,138,136,136,136,136,136,136,136,137,137,137,137,137,137,137,138,141,141,141,141,141,141,144,144,144,144,144,144,144,146,146,147,147,147,147,147,147,147,147,147,147,149,149,149,150,150,150,150,150,150,156,159,159,159,159,159,162,165,172,173,173,180,180,180,180,180,186,186,191,191,191,197,197,198,198,205,205,210,216,216,216,216,216,216,218,219,220,222,222,223,223,223,225,225,229,231,232,232,232,232,232,233,233,238,238,242,242,250,256,256,264,274,288,292,303,303,324,331,341,351,372,377,397,403,411,420,437,458,478,511,525,540,545,552,577,593,646,668,693,700,705,764,783,829,857,906,927,965,1017,1051,1073,1158,1211,1224,1227,1270,1310,1323,1387,1404,1408
09275,Passau (Landkreis),192656,1,1,1,1,1,3,3,3,5,5,7,15,15,15,19,22,23,30,30,39,47,47,73,93,112,112,117,120,136,173,212,239,262,267,272,280,311,329,342,342,342,374,375,398,412,421,421,421,421,421,450,450,482,494,494,534,542,552,515,515,520,521,557,557,557,557,557,557,570,570,572,575,576,576,576,576,576,576,576,576,576,576,590,590,590,590,590,590,590,590,590,590,590,590,590,590,590,594,594,594,594,594,594,594,594,594,594,595,595,595,595,595,595,598,598,598,606,607,607,607,607,618,618,618,618,618,618,618,626,626,626,626,626,626,626,626,626,626,637,637,637,637,637,637,637,637,641,641,641,641,641,641,641,647,647,647,647,647,647,647,647,647,647,647,647,647,647,647,647,647,647,647,647,671,671,671,671,671,671,671,683,683,683,683,683,686,686,702,702,702,723,723,730,730,730,765,765,792,792,792,795,797,798,800,821,821,821,821,821,828,828,828,828,830,832,834,836,848,848,869,869,869,882,910,927,947,992,992,1049,1052,1083,1146,1184,1223,1261,1303,1319,1376,1376,1396,1463,1539,1595,1658,1744,1812,1904,1979,2022,2080,2119,2170,2312,2406,2496,2556,2624,2659,2712,2792,2896,3043,3115,3227,3264,3309,3418,3546,3697,3797,3872,3930,3969,4122,4241,4331,4460,4522,4573,4630
03157,Peine (Landkreis),134801,0,0,0,0,0,0,0,0,0,0,2,2,2,8,8,11,15,20,21,21,25,31,40,40,54,62,77,90,94,99,105,108,110,110,117,122,124,125,126,127,127,127,129,131,132,133,133,133,135,135,136,136,137,137,137,139,140,140,140,140,140,140,141,142,142,142,142,142,142,142,142,142,142,143,143,142,142,142,142,143,143,143,143,144,144,144,146,146,146,146,146,148,150,151,151,151,152,155,155,158,158,158,158,159,160,161,161,161,161,161,161,162,162,162,162,162,162,162,162,162,162,162,162,162,162,162,162,162,162,162,162,162,162,163,163,163,163,163,163,163,163,163,163,163,164,165,169,169,169,169,171,171,172,172,175,176,181,181,183,183,183,183,183,183,187,187,187,189,189,190,193,193,193,194,195,195,195,195,195,198,199,200,201,202,203,203,204,205,207,210,219,226,230,232,233,239,241,246,246,248,251,254,259,265,266,269,269,269,273,277,280,285,287,292,293,294,300,309,311,312,314,314,316,323,331,336,340,350,350,352,363,370,380,397,418,427,429,454,467,496,517,546,546,556,576,621,648,677,694,708,716,769,801,837,882,895,920,937,980,1003,1015,1055,1095,1110,1121,1149,1182,1209,1235,1256,1265,1277,1304,1323,1337,1360,1370,1372,1378,1410
09186,Pfaffenhofen a.d. Ilm (Landkreis),128227,0,0,0,0,1,1,2,3,7,7,7,7,10,11,16,19,22,30,32,32,32,40,54,56,74,100,107,115,131,151,168,183,200,211,221,242,251,256,275,284,285,285,290,294,296,302,306,307,310,315,316,315,318,320,323,326,329,330,332,334,335,337,339,340,342,345,346,346,348,349,350,351,353,354,354,359,359,362,362,366,366,366,368,368,369,369,371,371,371,371,372,372,372,372,373,373,373,375,375,375,375,375,375,375,375,375,376,376,376,376,380,380,380,381,381,381,381,381,381,381,381,381,381,381,381,382,382,382,382,382,382,383,385,385,385,385,385,385,386,386,386,387,387,387,387,387,387,389,389,390,390,390,390,390,390,391,392,392,392,392,392,392,393,394,394,396,400,403,405,406,410,411,411,414,417,422,427,427,428,428,433,433,436,437,440,445,445,458,459,459,463,465,468,468,472,472,475,477,480,480,480,483,485,485,487,487,490,491,500,502,504,511,516,516,517,521,521,524,537,540,540,540,546,549,556,571,598,598,598,625,630,637,665,685,707,710,759,771,800,839,880,880,880,956,983,1028,1060,1091,1091,1091,1185,1225,1240,1279,1330,1345,1368,1413,1431,1449,1470,1512,1549,1585,1612,1631,1648,1678,1716,1778,1793,1816,1835,1849,1892,1932,1971,2014,2028,2062
08231,Pforzheim (Stadtkreis),125957,0,0,0,0,0,0,0,3,4,4,4,6,6,7,7,11,19,19,21,22,23,23,25,25,29,37,40,47,57,65,66,69,74,74,89,92,100,106,107,119,121,121,124,165,188,194,199,214,222,244,260,273,275,282,292,295,301,310,317,321,321,324,333,336,348,348,356,360,373,374,374,383,390,390,393,393,394,398,401,412,412,415,421,423,426,429,434,434,434,437,438,438,439,439,439,439,443,443,443,443,445,445,445,445,445,445,446,446,446,446,447,447,447,447,446,446,446,446,448,451,451,451,451,451,453,456,456,460,463,463,463,464,466,470,471,474,474,474,474,476,485,485,490,490,490,497,497,497,498,501,501,501,503,502,503,503,503,503,503,508,512,513,514,520,520,520,524,526,527,529,533,533,533,538,542,542,548,549,549,549,557,561,561,567,568,568,568,583,586,588,593,597,597,597,605,606,607,613,614,614,614,619,620,622,626,632,632,632,640,640,641,645,646,646,646,651,651,666,671,684,684,684,704,709,712,715,720,720,720,738,754,778,789,797,797,797,822,856,903,983,1000,1050,1072,1094,1152,1187,1255,1314,1367,1388,1425,1453,1519,1591,1641,1641,1669,1719,1761,1794,1861,1880,1911,1935,1945,1992,2046,2100,2171,2202,2230,2273,2315,2375,2454,2518,2562,2639,2699,2791
01056,Pinneberg (Kreis),316103,1,1,2,2,2,2,4,4,5,5,18,24,24,27,54,60,76,76,88,92,115,122,155,178,178,188,205,233,250,271,304,304,339,339,377,423,445,455,455,455,461,468,468,477,483,491,492,494,502,502,520,526,526,529,534,540,544,551,558,560,565,565,567,571,576,576,576,588,591,597,598,601,601,601,603,603,604,604,604,604,604,604,604,604,604,604,604,604,604,603,603,603,603,603,603,603,603,603,603,603,602,602,602,602,602,602,602,602,602,602,602,602,602,602,602,602,602,602,602,601,601,601,601,601,602,604,604,604,607,607,607,607,607,607,609,613,613,618,618,621,624,626,629,631,632,635,643,641,647,650,655,656,658,660,662,668,669,669,669,676,691,695,702,707,708,708,709,712,716,720,721,726,727,727,733,735,739,740,742,743,743,747,750,753,753,757,757,758,765,770,771,771,775,778,779,785,788,792,798,806,808,811,818,825,827,844,844,853,856,864,874,880,886,893,897,899,907,912,919,923,931,934,945,957,974,983,986,986,1023,1031,1044,1077,1112,1151,1185,1198,1203,1241,1268,1304,1364,1431,1431,1463,1489,1538,1580,1623,1668,1695,1700,1736,1782,1816,1844,1890,1911,1911,1956,2007,2056,2103,2145,2190,2240,2281,2352,2395,2435,2465,2488,2515,2566,2621,2667,2703,2703,2762,2792,2870
07317,Pirmasens (Kreisfreie Stadt),40231,0,0,0,0,0,0,0,0,0,0,0,0,0,0,0,1,1,5,7,7,7,11,12,12,12,15,15,15,17,19,19,23,23,23,23,23,24,24,25,25,26,26,28,29,29,29,29,29,29,29,29,29,29,29,29,29,29,29,29,29,29,29,29,30,30,30,30,30,30,30,30,30,30,30,30,30,31,31,31,31,31,31,31,31,31,31,31,31,31,31,31,31,31,31,31,31,31,31,31,31,31,31,31,31,31,31,31,31,31,31,31,31,31,31,31,31,31,31,31,31,31,31,31,31,31,31,31,31,31,31,31,31,31,33,33,34,34,34,35,35,35,35,35,35,35,35,35,35,35,35,35,35,35,35,35,36,36,36,36,36,36,36,38,38,38,38,38,38,38,38,38,38,38,38,40,40,41,41,41,41,41,41,41,41,41,41,41,42,42,41,41,43,43,43,45,45,45,47,47,47,47,48,48,48,48,48,48,48,48,50,50,50,50,50,50,50,50,51,52,53,53,53,53,57,58,60,60,60,61,62,62,62,65,67,68,70,72,74,80,85,93,99,102,103,104,115,120,125,129,129,129,130,136,138,145,150,152,155,157,159,170,174,176,182,182,187,192,199,211,215,222,226,227,232,250,264,273,282,286,287
01057,Plön (Kreis),128686,0,0,0,0,0,2,2,2,2,2,2,6,6,6,8,10,11,12,12,21,23,31,38,45,50,54,54,56,58,64,68,72,73,75,80,89,89,93,94,99,101,101,101,104,104,104,104,104,104,105,110,112,115,115,115,116,118,118,119,119,119,119,119,119,119,119,119,120,120,120,120,120,120,120,120,120,120,120,120,120,120,120,120,120,120,120,120,120,120,120,120,120,120,120,120,120,120,120,120,120,120,120,120,120,120,120,120,120,120,120,120,120,120,120,120,120,120,120,120,120,120,121,121,121,121,121,121,121,121,121,121,121,121,121,121,121,121,121,123,123,124,124,125,125,125,125,128,129,129,132,132,132,137,138,138,139,140,142,142,145,146,147,150,151,151,151,151,151,152,152,152,152,152,152,152,153,153,153,153,153,153,154,154,154,154,154,154,154,154,154,154,154,154,154,155,157,158,158,158,158,158,158,160,160,162,163,164,164,167,167,167,167,168,168,168,169,169,170,170,170,170,170,173,175,175,175,177,177,177,179,183,188,192,192,194,194,201,201,212,217,219,222,222,225,234,236,247,248,249,249,257,262,268,271,279,283,283,283,286,289,291,293,299,299,303,308,313,315,321,324,324,325,332,342,352,362,364,364,372,383
12054,Potsdam (Kreisfreie Stadt),180334,0,0,0,0,0,0,0,0,0,0,1,1,7,13,17,30,37,48,49,52,56,63,79,87,108,109,139,146,160,203,229,245,264,273,306,362,400,422,438,446,454,464,480,499,524,526,530,535,533,541,549,569,571,571,582,586,589,594,597,600,601,602,607,613,619,619,624,624,627,627,627,627,627,627,627,628,628,629,631,631,631,631,631,631,631,632,632,632,632,632,635,636,637,637,637,637,638,638,638,638,639,639,639,639,639,640,640,642,642,642,644,645,646,646,646,646,646,647,648,650,650,650,650,650,650,650,652,653,653,653,653,653,653,654,654,654,654,654,654,654,654,658,658,658,658,661,661,662,664,665,665,668,668,670,671,671,674,674,674,674,676,677,677,680,680,680,681,684,684,685,686,686,686,689,689,693,695,698,698,698,700,702,704,705,708,708,708,711,713,713,718,720,720,720,730,731,732,733,734,734,734,736,738,743,746,747,747,752,752,754,757,757,760,764,764,768,769,771,779,787,787,787,794,806,816,823,839,843,850,863,872,880,892,907,926,939,949,962,992,1007,1037,1061,1071,1078,1115,1194,1208,1228,1271,1289,1297,1300,1325,1355,1392,1430,1455,1465,1512,1547,1578,1605,1630,1639,1659,1681,1714,1733,1756,1810,1821,1832,1883,1936,1973,2033,2074,2117,2140,2171
12069,Potsdam-Mittelmark (Landkreis),216566,0,0,0,0,0,0,0,2,3,4,4,7,7,8,14,20,28,32,35,38,40,54,65,88,93,98,98,120,137,145,175,188,199,204,213,226,245,255,273,287,289,294,308,330,340,352,363,375,379,380,395,412,434,436,438,440,441,447,461,469,476,476,479,488,489,491,491,493,493,497,500,503,504,510,510,512,512,518,519,521,527,528,534,538,541,545,548,550,551,551,551,554,555,555,555,555,555,555,556,556,556,556,557,558,559,559,559,559,559,559,559,560,561,563,567,567,568,571,571,571,573,574,574,574,575,575,575,575,554,554,554,554,554,554,554,554,554,554,549,554,554,554,559,559,559,559,560,567,577,578,578,578,580,581,582,589,590,590,590,592,592,593,608,614,614,614,614,614,615,616,616,616,617,617,620,621,623,625,625,625,626,626,626,626,627,627,627,632,634,635,637,638,638,638,638,639,639,639,645,645,645,645,646,647,647,648,648,648,648,652,656,667,677,677,681,689,692,693,698,701,701,703,711,715,725,742,749,749,749,763,786,798,814,825,829,829,852,886,904,926,978,978,978,1013,1027,1043,1082,1144,1151,1190,1207,1253,1289,1300,1344,1344,1375,1391,1424,1455,1486,1524,1524,1524,1565,1631,1654,1685,1737,1761,1761,1764,1830,1854,1892,1943,1953,1958,1960,1988
12070,Prignitz (Landkreis),76158,0,0,0,0,0,0,0,0,0,0,0,0,0,0,1,1,1,1,1,1,6,6,6,9,9,9,9,9,9,9,9,9,13,15,17,17,18,19,20,20,20,20,23,23,23,23,23,23,23,23,23,23,23,23,23,23,23,23,23,23,23,24,24,24,24,24,24,24,24,24,24,25,25,25,25,25,25,25,25,25,25,25,25,25,25,25,25,25,25,25,25,25,25,25,25,25,25,26,26,26,26,26,26,26,26,26,28,28,30,30,31,31,31,31,31,31,31,31,31,31,31,31,31,31,31,31,31,31,31,31,31,31,31,31,31,31,31,31,31,31,31,31,31,31,31,31,31,31,31,31,31,31,32,32,32,32,32,32,32,32,32,32,32,32,32,32,33,38,38,44,45,45,45,45,45,45,46,46,46,46,46,46,46,46,46,46,46,46,46,46,46,46,46,46,46,46,46,46,46,46,46,46,46,47,49,49,49,49,49,49,49,49,49,50,49,49,50,51,52,59,59,60,60,65,87,85,80,88,88,91,99,110,122,131,135,135,136,142,159,165,173,184,185,187,193,208,214,228,234,234,238,240,248,254,259,261,261,262,265,274,278,290,294,294,294,297,305,307,314,319,319,320,330,362,367,396,400,406,409,428
08216,Rastatt (Landkreis),231420,0,0,0,2,3,3,4,4,13,16,16,26,36,39,58,69,83,96,110,149,158,182,196,230,249,269,279,288,307,331,345,360,371,376,379,396,406,411,417,422,426,430,434,456,462,467,472,475,474,477,479,480,484,488,489,490,495,500,501,504,504,504,504,507,509,508,509,510,510,510,511,512,512,513,513,513,513,513,514,514,517,517,517,517,518,518,519,519,519,519,520,520,520,520,521,521,521,521,521,525,525,525,525,525,525,525,525,525,525,525,526,526,526,526,529,529,529,529,530,530,530,530,530,530,534,534,534,535,535,535,535,535,537,539,539,539,539,539,539,540,540,545,548,548,548,548,549,552,553,554,554,554,554,554,554,558,559,559,559,570,573,574,574,577,577,577,579,583,586,590,595,595,600,608,619,621,626,630,630,630,642,645,652,652,659,659,659,665,669,670,677,679,679,679,694,695,697,700,702,702,702,710,710,715,723,729,729,729,739,741,742,746,748,748,748,757,757,764,769,789,789,789,799,804,815,826,842,842,871,883,899,921,944,992,992,1079,1136,1181,1230,1283,1338,1380,1437,1485,1510,1548,1618,1653,1713,1763,1833,1879,1929,1984,2012,2031,2074,2113,2176,2232,2281,2339,2339,2417,2457,2462,2531,2572,2642,2684,2708,2750,2776,2798,2843,2912,2925,2978,3076,3111
08436,Ravensburg (Landkreis),285424,0,1,2,2,3,3,6,8,11,18,18,50,50,70,93,102,110,110,134,137,202,274,296,320,334,336,336,365,384,390,406,406,417,420,444,455,461,473,473,473,473,482,495,507,507,507,519,520,524,528,533,540,540,540,540,544,544,544,546,546,546,546,548,548,548,548,552,552,552,554,554,554,566,566,566,566,565,565,565,565,566,566,566,566,566,566,566,566,566,566,567,567,567,567,567,567,567,567,567,567,569,569,569,569,570,570,570,570,570,570,570,570,570,570,571,571,571,571,571,572,572,579,579,579,579,579,579,579,583,583,583,583,584,584,584,594,594,594,594,602,602,602,604,604,604,604,610,610,610,621,621,621,621,625,625,625,638,638,638,638,648,648,648,654,654,654,654,675,675,687,702,702,702,702,727,727,727,750,750,750,750,761,761,765,783,783,783,783,801,805,809,829,829,829,829,843,843,843,860,860,860,862,874,874,874,883,883,883,887,900,900,903,905,911,913,918,918,924,932,954,954,954,958,973,973,977,1001,1002,1007,1009,1032,1051,1076,1102,1106,1120,1135,1166,1193,1224,1257,1290,1308,1339,1365,1396,1429,1501,1528,1544,1554,1603,1651,1701,1726,1763,1821,1832,1878,1945,1995,2040,2040,2040,2107,2139,2189,2239,2303,2361,2374,2434,2459,2503,2547,2602,2623,2644,2685,2736
05562,Recklinghausen (Kreis),614137,0,1,1,1,1,1,2,9,19,37,46,51,51,63,70,96,125,143,149,162,195,222,264,304,312,328,357,385,417,463,490,500,540,543,555,610,659,669,687,697,712,714,728,772,794,834,849,878,894,917,932,959,970,987,991,1000,1009,1043,1043,1064,1071,1090,1100,1111,1126,1143,1150,1164,1188,1191,1203,1208,1231,1232,1233,1236,1239,1244,1244,1243,1245,1245,1247,1247,1253,1254,1256,1256,1256,1262,1263,1267,1276,1279,1280,1280,1289,1292,1293,1296,1301,1302,1301,1306,1306,1309,1312,1317,1317,1317,1334,1337,1349,1358,1363,1363,1363,1376,1378,1388,1388,1402,1402,1402,1408,1408,1414,1416,1419,1419,1419,1421,1424,1427,1431,1435,1435,1435,1441,1441,1444,1452,1462,1462,1484,1483,1487,1505,1518,1524,1524,1537,1542,1549,1568,1575,1586,1586,1586,1611,1630,1657,1672,1685,1685,1685,1714,1722,1735,1749,1770,1778,1785,1786,1792,1799,1818,1831,1835,1835,1840,1844,1860,1872,1881,1886,1898,1902,1907,1911,1926,1945,1947,1947,1975,1985,2001,2017,2036,2038,2056,2063,2072,2093,2127,2139,2150,2168,2195,2223,2249,2274,2320,2320,2337,2376,2407,2458,2519,2591,2660,2691,2715,2806,2895,2977,3056,3153,3230,3292,3354,3469,3655,3768,3807,3807,4164,4250,4385,4538,4680,4732,4732,5373,5549,5704,5932,6112,6406,6597,6710,6811,7016,7223,7451,7657,7856,7932,8064,8203,8466,8737,8994,9187,9235,9348,9501,9724,9921,10115,10217,10270,10374,10543,10773,11018,11162,11288,11388,11467
09276,Regen (Landkreis),77410,0,0,0,0,0,0,0,0,0,3,6,6,18,18,20,20,23,24,25,25,25,34,39,40,40,40,43,44,54,60,70,79,89,95,104,104,118,119,122,123,123,125,129,132,133,138,143,143,146,146,148,148,148,149,150,160,161,162,162,163,163,165,165,170,170,177,177,178,183,188,191,193,193,193,194,194,194,194,194,194,196,196,196,196,196,196,196,196,196,196,196,196,196,196,196,196,196,196,196,196,196,196,196,196,196,196,196,196,196,196,196,196,196,196,196,196,196,196,196,196,196,196,196,196,196,196,196,196,196,196,196,196,196,196,196,196,196,196,197,198,198,198,200,200,200,200,200,200,200,200,200,200,200,200,200,200,200,200,200,200,200,201,201,201,201,201,201,201,201,204,205,205,205,205,207,207,208,208,208,208,211,211,211,212,212,213,213,222,223,223,225,225,225,225,231,233,233,235,235,235,236,236,236,238,238,240,240,241,242,243,245,245,245,245,245,245,247,251,269,278,292,292,314,313,322,348,364,374,380,381,388,396,403,409,413,420,425,430,440,449,468,481,508,510,512,546,565,595,607,632,649,652,679,706,726,743,767,767,771,781,849,875,898,927,950,964,981,1021,1107,1161,1191,1252,1268,1295,1390,1497,1570,1654,1696,1718
09362,Regensburg (Kreisfreie Stadt),153094,0,0,0,0,0,0,0,0,0,2,7,7,7,17,38,62,74,74,82,90,98,105,124,133,146,152,158,166,183,207,222,239,263,283,296,313,327,336,336,348,352,352,357,363,369,378,384,385,391,389,402,411,419,419,419,423,425,428,430,430,430,430,446,455,462,468,471,471,471,480,479,482,484,488,488,493,501,505,544,551,554,559,608,621,621,621,630,630,632,633,633,639,641,643,654,655,656,658,659,659,660,660,660,660,661,660,660,660,661,661,661,672,677,677,678,678,678,681,682,681,683,685,688,688,694,696,698,716,720,721,721,723,724,725,725,727,727,727,727,727,727,727,727,728,728,729,730,731,731,731,731,731,731,731,732,732,732,732,732,732,734,735,738,739,740,740,744,748,751,755,755,757,757,760,763,764,768,768,769,769,770,771,776,777,781,782,782,789,792,798,808,813,821,821,825,835,848,857,869,883,886,893,894,895,899,904,904,905,907,911,917,923,926,932,940,941,943,952,958,967,973,984,996,999,1009,1017,1034,1038,1062,1065,1069,1079,1102,1115,1131,1148,1156,1164,1188,1222,1245,1270,1304,1335,1366,1411,1454,1512,1575,1635,1684,1701,1762,1769,1861,1861,1959,1991,2013,2038,2059,2126,2127,2303,2311,2331,2398,2439,2439,2549,2629,2646,2683,2712,2748,2748,2834,2879,2889,2900
09375,Regensburg (Landkreis),194070,0,0,0,1,1,4,4,7,7,7,12,14,14,19,27,56,67,67,76,85,87,94,107,121,132,147,156,162,174,195,217,238,259,279,290,316,328,333,333,348,355,355,360,368,375,383,388,392,392,387,394,400,401,400,400,403,407,409,413,413,413,413,419,424,432,432,436,436,436,442,443,444,447,447,447,449,451,451,455,456,460,460,463,467,469,469,471,471,485,489,489,492,493,496,499,500,500,502,502,501,501,501,501,501,501,501,501,501,499,499,499,505,505,505,505,506,506,506,507,508,508,508,509,509,510,510,510,492,494,495,495,495,495,497,498,498,499,499,499,499,499,499,500,500,500,501,501,500,500,503,505,505,510,510,510,510,511,511,511,511,512,513,515,519,519,519,523,528,530,533,537,539,539,542,548,555,570,570,572,572,585,595,600,605,615,619,619,623,627,631,640,643,646,646,649,650,655,658,665,668,673,679,683,688,694,705,709,715,716,725,732,734,739,748,758,759,760,766,774,780,786,793,800,803,806,816,828,830,839,843,844,853,868,891,913,930,943,962,996,1035,1051,1068,1095,1134,1165,1199,1246,1301,1339,1397,1490,1511,1589,1614,1718,1718,1863,1921,1961,1998,2025,2097,2097,2308,2332,2387,2440,2475,2475,2466,2573,2592,2623,2656,2710,2710,2801,2872,2889,2913
03241,Region Hannover (Landkreis),1157115,2,3,3,3,4,7,11,17,25,59,60,60,121,138,173,238,304,310,341,368,428,510,588,661,692,738,811,867,911,976,1039,1072,1110,1165,1234,1310,1389,1402,1454,1462,1482,1519,1541,1572,1619,1663,1694,1711,1719,1749,1793,1819,1847,1864,1877,1887,1912,1931,1964,1979,1993,1989,2004,2019,2044,2070,2095,2109,2095,2110,2136,2150,2155,2155,2155,2173,2180,2186,2186,2227,2227,2227,2246,2266,2302,2345,2383,2403,2421,2436,2425,2446,2483,2517,2517,2517,2550,2572,2612,2637,2651,2659,2676,2675,2692,2708,2719,2733,2733,2733,2755,2760,2767,2772,2775,2775,2775,2778,2783,2786,2791,2789,2789,2789,2789,2789,2792,2794,2796,2796,2796,2797,2797,2799,2799,2801,2801,2801,2808,2811,2821,2826,2834,2834,2834,2851,2860,2880,2893,2906,2906,2906,2933,2939,2942,2962,2975,2975,2975,3011,3020,3038,3064,3084,3084,3084,3114,3139,3166,3194,3213,3243,3249,3253,3288,3307,3343,3376,3376,3376,3421,3438,3448,3476,3508,3508,3508,3560,3593,3626,3668,3694,3694,3694,3754,3790,3859,3918,3961,3961,3961,4044,4049,4077,4118,4167,4185,4198,4266,4282,4311,4354,4405,4438,4476,4524,4537,4579,4628,4689,4734,4758,4845,4885,4909,4981,5064,5131,5184,5287,5319,5396,5538,5661,5721,5807,5943,6104,6212,6386,6622,6902,6961,7230,7463,7650,7834,8013,8367,8458,8490,8792,8980,9306,9596,9824,9951,9951,10175,10382,10596,10846,10870,10870,11347,11498,11696,11907,12148,12174,12261,12434,12560,12669,12856,13108,13187,13322,13554,13782
10041,Regionalverband Saarbrücken (Landkreis),328714,1,1,1,1,1,1,1,5,8,10,10,20,27,27,63,86,102,114,121,147,163,169,190,211,250,268,268,359,421,511,534,582,648,665,698,770,854,911,922,930,930,944,968,997,1010,1021,1026,1029,1054,1065,1086,1098,1105,1119,1122,1125,1140,1147,1158,1158,1160,1160,1161,1162,1164,1165,1165,1167,1167,1168,1170,1172,1175,1179,1179,1180,1180,1182,1183,1183,1184,1184,1186,1187,1189,1189,1196,1196,1196,1198,1198,1199,1200,1200,1200,1200,1201,1203,1203,1203,1203,1203,1203,1204,1204,1205,1204,1205,1204,1204,1204,1204,1204,1204,1204,1204,1205,1205,1205,1205,1205,1205,1206,1206,1206,1207,1207,1207,1207,1207,1207,1207,1210,1210,1210,1211,1212,1212,1212,1213,1214,1216,1218,1218,1219,1219,1222,1223,1225,1227,1230,1231,1236,1238,1240,1244,1245,1247,1248,1248,1248,1249,1250,1252,1253,1254,1256,1259,1269,1274,1276,1277,1279,1281,1284,1285,1287,1288,1298,1298,1300,1302,1306,1312,1314,1319,1320,1320,1323,1327,1328,1334,1336,1337,1337,1337,1344,1349,1352,1353,1353,1355,1361,1367,1367,1368,1368,1369,1369,1379,1389,1395,1400,1407,1408,1410,1417,1422,1425,1440,1457,1460,1465,1482,1511,1551,1587,1633,1643,1647,1711,1789,1844,1936,1977,2038,2077,2169,2276,2410,2512,2587,2642,2677,2779,2894,3049,3133,3242,3271,3327,3427,3524,3627,3707,3788,3815,3832,3916,3966,4119,4182,4205,4288,4307,4398,4483,4569,4678,4765,4820,4835,4960,5036,5133,5243,5323,5375,5415,5543
05120,Remscheid (Kreisfreie Stadt),111338,0,0,0,4,4,4,4,4,5,7,7,8,8,14,15,19,21,21,23,33,34,38,41,45,54,56,59,61,69,80,89,92,92,99,108,113,119,129,144,148,149,150,153,166,189,194,196,197,200,203,205,209,210,210,210,210,213,213,213,214,214,214,214,216,219,221,221,221,224,224,226,228,233,233,233,233,234,234,234,234,236,236,236,237,238,239,239,240,240,240,240,241,241,241,241,241,241,241,241,241,241,241,241,241,241,241,242,242,242,242,242,242,244,244,244,244,244,244,244,244,244,244,244,244,244,244,244,246,247,247,247,247,247,250,252,253,253,253,259,259,260,259,259,261,261,262,262,266,266,268,268,268,275,283,285,287,291,291,291,294,304,310,311,312,312,312,313,318,319,323,325,325,331,335,338,341,347,353,353,353,354,357,358,360,361,361,362,363,365,366,372,383,383,385,388,391,401,406,415,426,428,431,450,450,467,484,495,506,508,508,517,530,543,559,571,576,578,588,596,604,618,622,624,628,640,649,663,683,693,706,721,737,766,794,842,867,907,927,952,1003,1070,1107,1142,1183,1187,1229,1273,1317,1352,1388,1413,1435,1465,1504,1558,1610,1641,1657,1670,1693,1726,1784,1826,1851,1865,1873,1894,1935,1974,1993,2011,2043,2048,2064,2100,2124,2174,2213,2220,2233
08119,Rems-Murr-Kreis (Landkreis),427248,2,2,4,4,5,5,6,6,22,26,26,42,49,54,68,110,117,133,175,202,211,240,286,353,374,445,506,519,555,595,688,744,771,809,835,873,915,958,987,1012,1014,1024,1030,1051,1083,1097,1134,1140,1145,1171,1197,1208,1235,1279,1283,1296,1308,1342,1357,1363,1367,1369,1374,1385,1404,1421,1436,1460,1463,1466,1469,1495,1489,1489,1489,1505,1512,1521,1521,1545,1545,1545,1558,1559,1565,1569,1574,1574,1574,1574,1576,1578,1578,1583,1583,1583,1588,1589,1597,1597,1602,1602,1602,1604,1606,1614,1616,1617,1617,1617,1627,1632,1632,1637,1643,1643,1643,1645,1649,1655,1656,1657,1657,1657,1659,1659,1663,1665,1671,1671,1671,1677,1683,1687,1691,1699,1699,1699,1704,1716,1720,1723,1727,1727,1727,1731,1744,1745,1751,1753,1753,1753,1761,1761,1767,1771,1773,1773,1773,1778,1786,1800,1808,1814,1814,1814,1828,1855,1858,1866,1873,1873,1873,1902,1920,1950,1964,1983,1983,1983,2015,2022,2031,2065,2070,2070,2070,2098,2123,2137,2146,2153,2153,2153,2167,2175,2192,2215,2217,2217,2217,2253,2265,2276,2288,2297,2297,2297,2321,2329,2343,2348,2358,2358,2358,2384,2392,2400,2429,2448,2448,2448,2513,2549,2583,2617,2679,2692,2725,2774,2797,2815,2874,2952,3041,3091,3167,3243,3346,3449,3521,3616,3706,3778,3912,4050,4136,4282,4425,4471,4565,4681,4867,5013,5123,5243,5283,5347,5434,5613,5718,5819,5964,5979,6029,6134,6269,6366,6473,6609,6641,6690,6766,6915,7079,7232,7424,7446,7516,7625
01058,Rendsburg-Eckernförde (Kreis),274098,0,0,0,0,0,0,0,1,1,1,8,8,12,13,16,21,24,30,33,37,46,56,73,89,100,112,112,125,128,137,147,158,166,166,172,177,186,192,195,198,199,199,199,210,213,215,217,219,221,224,226,228,231,232,232,234,235,237,237,237,237,237,238,241,244,246,246,250,250,252,253,254,254,254,254,254,254,254,254,254,254,254,254,255,253,254,254,254,255,255,255,255,255,255,255,255,255,255,255,255,255,255,255,255,255,255,255,255,255,255,255,255,255,255,255,255,255,256,257,257,257,257,257,257,257,257,257,257,257,257,257,258,258,258,258,258,258,259,261,261,261,261,262,262,262,264,267,270,274,274,275,277,279,281,283,293,295,295,295,300,304,308,312,313,314,314,314,314,315,318,317,318,318,322,322,324,324,327,327,328,328,329,331,332,333,333,333,334,335,334,334,334,334,334,334,335,335,335,337,337,337,337,340,341,344,350,351,351,351,356,359,360,360,361,361,365,369,375,384,386,388,389,391,396,401,404,409,409,413,421,435,444,454,464,475,479,487,503,516,523,555,569,575,591,610,626,649,657,685,695,715,729,759,779,792,806,808,815,836,841,846,857,868,872,880,886,897,906,924,943,944,945,956,972,996,1022,1050,1056,1069,1099
08415,Reutlingen (Landkreis),287034,0,0,0,0,0,0,1,5,11,13,19,30,34,43,49,71,96,96,96,127,152,172,206,235,249,249,374,433,472,557,591,666,681,711,751,776,831,854,864,903,1006,1114,1159,1192,1197,1228,1257,1262,1295,1314,1350,1377,1409,1427,1437,1438,1450,1457,1461,1464,1465,1468,1475,1477,1480,1483,1506,1509,1512,1518,1519,1520,1522,1524,1524,1525,1525,1527,1528,1529,1529,1540,1542,1542,1543,1543,1543,1543,1543,1543,1543,1543,1543,1543,1543,1543,1543,1543,1543,1544,1545,1545,1545,1545,1545,1545,1546,1547,1547,1547,1551,1553,1553,1554,1554,1554,1554,1555,1555,1556,1556,1556,1556,1556,1559,1558,1559,1559,1560,1560,1560,1561,1561,1562,1562,1562,1562,1562,1566,1569,1570,1572,1572,1572,1572,1575,1581,1583,1586,1587,1587,1587,1596,1596,1597,1604,1607,1607,1607,1611,1613,1618,1619,1619,1619,1619,1625,1630,1635,1639,1647,1649,1654,1660,1662,1664,1677,1679,1679,1693,1694,1706,1718,1726,1729,1735,1736,1737,1751,1760,1772,1778,1786,1796,1801,1814,1823,1839,1851,1851,1851,1885,1897,1904,1925,1934,1943,1946,1954,1958,1962,1971,1979,1989,1989,1999,2011,2021,2031,2043,2067,2080,2090,2116,2135,2150,2181,2207,2208,2238,2275,2299,2327,2342,2373,2373,2429,2469,2505,2579,2643,2697,2734,2762,2791,2849,2917,2953,3031,3086,3104,3153,3257,3326,3371,3482,3509,3532,3593,3656,3764,3853,3911,3942,3966,4036,4130,4219,4298,4368,4411,4424,4511,4637,4729,4798,4866,4946,4961,5053
05362,Rhein-Erft-Kreis (Kreis),470615,1,2,2,2,2,2,3,6,12,13,22,52,63,89,104,113,149,160,182,199,240,253,267,276,305,326,351,363,400,442,482,532,555,585,608,648,688,688,763,782,797,800,807,821,834,865,877,888,898,921,928,933,939,946,948,953,964,971,985,990,996,1001,1012,1020,1028,1044,1051,1056,1058,1063,1067,1073,1076,1080,1080,1080,1080,1081,1081,1082,1082,1083,1083,1084,1087,1090,1092,1095,1095,1105,1095,1096,1097,1098,1098,1100,1100,1101,1102,1102,1102,1102,1103,1103,1106,1106,1108,1108,1108,1108,1110,1111,1112,1113,1115,1115,1115,1117,1118,1118,1119,1121,1121,1122,1123,1124,1127,1127,1127,1127,1127,1132,1132,1133,1135,1139,1139,1144,1148,1151,1158,1169,1171,1171,1171,1183,1188,1192,1198,1204,1204,1206,1213,1225,1238,1246,1252,1252,1252,1270,1276,1284,1299,1311,1311,1311,1344,1353,1364,1368,1373,1373,1379,1390,1402,1418,1431,1439,1439,1460,1477,1488,1501,1507,1513,1513,1517,1525,1529,1536,1542,1550,1550,1550,1577,1588,1599,1609,1623,1623,1635,1656,1664,1677,1688,1693,1693,1707,1722,1731,1753,1770,1786,1786,1805,1829,1848,1879,1920,1969,2002,2032,2051,2080,2108,2129,2169,2233,2233,2311,2378,2418,2485,2578,2689,2760,2830,2900,2978,3080,3171,3249,3360,3560,3677,3776,3871,3956,4033,4124,4258,4353,4470,4556,4635,4735,4867,5080,5186,5303,5414,5520,5620,5723,5787,5904,5976,6096,6206,6288,6354,6403,6484,6579,6664,6745,6830,6906,6951,7030
06439,Rheingau-Taunus-Kreis (Landkreis),187160,0,0,0,0,0,2,2,2,5,16,23,24,24,25,27,31,31,31,31,51,59,59,89,89,89,107,107,113,117,135,141,147,147,153,160,166,173,176,176,176,176,176,180,184,184,184,187,189,190,191,191,191,191,191,191,191,194,197,198,198,198,199,200,201,208,221,221,223,223,223,223,229,229,229,229,230,231,232,232,235,235,236,236,236,237,238,239,240,240,243,243,243,243,244,244,244,244,244,250,250,251,251,251,253,253,253,253,254,254,254,254,254,254,255,255,257,259,259,261,262,268,269,269,272,275,275,273,273,277,277,277,278,280,279,280,280,281,281,286,286,286,287,290,296,296,301,308,308,317,347,348,348,349,350,360,372,378,379,385,388,388,390,391,405,407,408,412,412,413,413,415,416,419,420,424,427,430,432,435,436,437,437,440,442,444,445,446,448,449,452,455,456,458,458,460,461,464,465,473,476,476,477,478,483,485,490,494,497,500,502,506,511,528,529,536,538,542,547,551,556,564,592,596,598,619,656,681,681,681,714,725,766,785,840,862,882,920,944,987,1025,1071,1097,1107,1165,1178,1220,1246,1302,1363,1413,1431,1457,1489,1552,1602,1672,1740,1763,1786,1830,1934,2009,2101,2164,2173,2190,2242,2307,2349,2397,2460,2484,2502,2524,2570,2627,2665,2709,2783,2799
07140,Rhein-Hunsrück-Kreis (Landkreis),103163,0,0,0,0,0,0,0,1,4,6,7,14,26,28,33,39,46,46,47,55,64,68,72,79,89,100,102,106,109,114,116,118,124,124,128,131,134,135,135,136,137,142,148,148,152,152,155,155,155,158,159,159,159,159,159,160,160,160,160,159,159,159,161,161,161,161,161,161,161,161,161,161,161,161,161,161,161,161,161,161,161,161,161,161,161,161,162,162,162,162,162,166,166,166,166,166,166,166,166,166,166,166,166,166,166,166,166,166,166,166,166,166,166,166,166,166,166,166,166,166,166,166,166,166,166,166,166,166,167,167,167,167,167,168,168,168,168,168,168,168,168,168,168,168,168,168,168,168,168,168,168,168,168,169,169,171,171,171,174,175,175,178,178,178,178,178,185,185,186,188,191,191,191,194,196,200,203,201,203,203,203,203,204,204,204,207,207,208,208,210,211,211,212,212,213,213,216,218,221,221,221,221,221,223,223,224,224,225,226,227,227,228,228,228,228,228,228,231,232,234,236,236,240,240,247,251,256,258,264,268,275,286,300,315,334,345,349,365,378,397,412,422,437,461,467,484,505,534,562,583,598,614,629,651,669,678,682,691,695,717,742,758,772,782,790,803,829,847,863,879,897,910,917,942,958,989,998,1014,1026,1034
05378,Rheinisch-Bergischer Kreis (Kreis),283271,3,3,3,3,3,8,11,12,18,30,30,30,52,60,69,81,95,95,95,135,141,152,163,171,187,200,212,219,226,236,250,258,281,294,305,316,333,346,364,376,376,380,382,391,391,395,397,400,401,404,406,413,422,423,425,425,425,429,429,430,431,433,435,438,439,440,441,442,444,445,447,448,451,454,456,457,457,458,461,461,462,462,462,463,463,465,466,467,469,469,469,469,469,469,469,469,469,469,469,469,470,470,471,471,471,471,471,471,471,471,472,472,473,473,473,473,473,473,475,475,476,477,477,477,479,481,482,485,487,487,487,487,487,490,492,494,494,494,499,500,502,508,510,510,510,514,517,519,520,522,522,522,524,525,535,542,546,546,546,558,562,568,576,579,579,579,589,592,593,597,607,607,607,616,617,618,620,620,620,620,630,631,633,637,642,642,642,651,654,658,662,668,668,668,680,685,689,694,699,706,708,710,713,719,726,734,734,734,751,756,765,774,788,788,788,820,823,835,855,876,878,878,918,929,951,982,1020,1020,1020,1081,1086,1106,1131,1179,1289,1305,1425,1461,1499,1560,1643,1705,1832,1966,1994,2009,2059,2087,2157,2221,2297,2357,2420,2473,2548,2632,2689,2753,2772,2825,2905,2945,2997,3020,3056,3095,3146,3220,3308,3364,3411,3462,3477,3522,3592,3647,3707,3769,3803,3823
05162,Rhein-Kreis Neuss (Kreis),451730,1,1,2,2,2,2,2,5,8,19,19,19,44,50,50,60,86,112,133,179,220,220,245,257,282,319,361,362,396,425,448,455,475,491,493,502,511,518,527,530,530,530,530,531,536,536,552,559,562,572,572,576,576,578,581,588,598,604,604,607,623,625,626,629,636,650,650,662,662,669,671,671,675,675,686,686,692,698,698,699,699,707,707,708,714,719,723,723,723,723,731,734,735,738,738,742,743,743,745,745,750,750,750,755,756,758,762,762,762,767,739,739,742,751,755,755,755,776,778,782,786,787,787,787,794,793,798,800,805,805,805,807,810,817,822,826,826,826,838,840,847,851,866,866,866,879,880,898,922,925,925,925,953,954,957,966,974,974,974,989,995,1005,1019,1039,1039,1058,1071,1078,1088,1094,1103,1103,1103,1125,1132,1141,1142,1157,1157,1157,1169,1172,1185,1192,1193,1193,1193,1202,1204,1206,1211,1204,1204,1213,1222,1224,1233,1240,1243,1243,1243,1271,1276,1287,1304,1328,1328,1370,1381,1389,1395,1406,1425,1425,1439,1481,1497,1515,1531,1553,1571,1587,1615,1642,1676,1717,1777,1787,1847,1884,1952,1986,2041,2156,2275,2380,2427,2485,2567,2666,2836,2953,3038,3126,3198,3271,3382,3470,3575,3654,3787,3854,3942,4026,4182,4274,4356,4430,4505,4599,4714,4794,4856,4949,5005,5064,5150,5244,5333,5394,5441,5479,5531,5633,5740,5808,5892,5954,5991,6060
07141,Rhein-Lahn-Kreis (Landkreis),122297,0,0,0,0,0,0,0,0,4,5,6,6,7,15,26,27,33,34,37,48,50,54,64,70,80,81,82,90,90,100,107,111,115,118,121,122,127,127,133,134,135,135,138,142,150,153,153,153,153,153,153,153,153,154,154,154,154,155,155,155,155,155,157,158,159,159,159,159,159,159,159,159,159,161,159,159,159,159,159,159,159,159,159,159,159,159,159,159,159,159,159,159,159,159,159,159,159,159,159,159,159,159,159,159,159,159,159,159,159,159,159,159,159,159,159,159,159,159,159,159,159,159,159,159,159,159,159,159,159,159,159,159,159,159,159,159,159,159,159,161,161,161,161,161,161,161,161,162,164,164,164,164,165,166,167,167,170,170,170,170,170,172,173,173,173,173,176,179,180,180,181,181,182,182,183,188,188,189,191,192,192,192,193,193,194,194,196,196,196,196,196,196,196,196,196,196,196,196,196,196,198,199,199,199,201,201,201,204,204,204,204,210,214,214,218,218,223,224,227,231,232,240,240,244,248,255,265,265,273,273,278,283,295,303,308,312,313,335,357,372,392,400,409,425,432,457,478,490,495,516,534,539,563,579,596,606,616,628,638,666,681,712,720,732,751,764,783,807,825,832,849,859,869,894,933,967,982,997,1016,1027
08226,Rhein-Neckar-Kreis (Landkreis),548355,2,3,4,7,10,13,14,19,28,33,52,70,77,109,127,154,182,240,276,276,330,371,413,460,489,521,564,591,625,654,703,703,713,726,739,745,753,766,778,778,803,811,824,836,839,845,853,855,855,855,860,861,868,871,873,875,879,881,884,892,902,902,902,898,900,903,903,912,918,921,925,941,944,944,947,947,948,950,952,953,953,956,956,957,958,960,960,962,962,964,964,964,965,966,966,966,970,970,970,970,972,972,972,971,971,972,972,972,972,972,976,976,976,977,977,977,977,980,980,980,982,982,982,982,982,989,993,995,995,995,995,1005,1010,1011,1015,1017,1017,1017,1025,1026,1031,1033,1035,1035,1035,1048,1049,1053,1057,1080,1080,1080,1095,1096,1099,1103,1105,1105,1105,1111,1115,1118,1122,1132,1132,1132,1160,1171,1179,1190,1207,1207,1207,1249,1255,1268,1280,1297,1297,1297,1350,1363,1368,1378,1394,1394,1394,1422,1433,1434,1447,1466,1466,1466,1488,1493,1499,1508,1515,1515,1545,1550,1554,1563,1578,1587,1587,1587,1617,1620,1627,1641,1654,1654,1654,1705,1707,1723,1738,1763,1763,1763,1845,1867,1886,1904,1935,1935,1990,2007,2028,2065,2123,2198,2254,2318,2375,2477,2565,2678,2785,2853,2864,2983,3109,3196,3352,3513,3653,3748,3846,3964,4110,4246,4359,4504,4609,4704,4827,4923,5100,5280,5469,5570,5664,5739,5851,5989,6104,6257,6336,6394,6489,6634,6773,6946,7143,7226,7341,7449
07338,Rhein-Pfalz-Kreis (Landkreis),154609,0,0,0,0,0,0,0,1,1,1,1,1,1,3,5,7,10,10,10,27,39,44,57,67,67,67,105,113,121,139,142,142,142,158,159,167,173,173,173,173,173,180,184,186,190,190,193,194,195,201,203,203,203,203,205,207,207,208,208,209,209,210,210,210,211,212,212,212,215,216,223,223,224,224,224,226,230,230,230,230,230,230,232,232,233,233,236,236,236,236,236,236,239,241,241,241,246,246,248,248,250,250,250,250,250,250,251,251,251,251,257,257,257,257,259,259,259,263,266,268,268,268,268,268,269,269,270,270,270,270,270,274,274,274,276,276,276,276,276,277,277,277,277,277,277,277,278,279,280,280,280,280,281,281,283,283,283,283,283,284,287,287,290,295,295,295,299,302,307,310,312,312,316,318,322,326,326,328,330,330,338,342,343,344,349,349,349,352,354,354,357,357,357,357,362,363,363,363,363,363,363,364,368,371,376,379,379,379,393,401,401,412,418,418,418,426,428,436,436,437,437,437,445,448,455,466,477,477,477,502,511,524,537,555,555,555,593,614,631,640,667,667,679,696,714,744,757,788,791,794,807,836,883,955,1047,1057,1081,1122,1157,1183,1209,1268,1268,1306,1395,1426,1481,1515,1541,1552,1577,1630,1720,1820,1882,1977,2006,2062,2129,2169
05382,Rhein-Sieg-Kreis (Kreis),600764,0,0,2,2,2,7,12,19,24,32,32,77,77,111,158,228,260,260,262,336,356,417,460,490,490,543,552,581,619,675,714,714,789,799,829,866,909,909,923,923,970,973,995,1015,1028,1051,1082,1086,1100,1106,1113,1126,1126,1147,1155,1155,1170,1175,1182,1182,1197,1197,1196,1183,1186,1196,1196,1202,1202,1207,1208,1214,1220,1220,1336,1339,1380,1386,1404,1404,1404,1408,1411,1421,1428,1428,1430,1430,1430,1430,1436,1439,1440,1444,1444,1444,1447,1449,1451,1453,1452,1452,1454,1453,1456,1455,1456,1457,1457,1459,1461,1461,1461,1462,1467,1467,1469,1469,1470,1471,1472,1472,1472,1472,1473,1475,1478,1480,1483,1483,1483,1485,1487,1487,1489,1491,1491,1491,1515,1517,1526,1531,1536,1536,1536,1544,1546,1557,1569,1573,1573,1578,1595,1603,1610,1626,1630,1630,1630,1655,1655,1671,1685,1696,1696,1702,1714,1724,1732,1744,1752,1752,1752,1787,1793,1807,1821,1833,1833,1833,1852,1859,1869,1884,1890,1890,1890,1905,1905,1919,1929,1936,1936,1937,1972,1980,1985,1994,2008,2029,2037,2053,2058,2072,2084,2102,2102,2102,2131,2140,2151,2177,2188,2190,2190,2253,2276,2305,2345,2375,2375,2394,2493,2530,2558,2617,2659,2659,2728,2837,2868,2951,3067,3162,3234,3314,3496,3570,3681,3885,4004,4004,4162,4356,4431,4596,4746,4900,5031,5151,5358,5435,5537,5753,5874,5914,5986,6158,6291,6451,6655,6797,6950,7037,7089,7182,7297,7477,7550,7646,7776,7864,7970,8105,8274,8358,8423,8518,8701,8796
09673,Rhön-Grabfeld (Landkreis),79635,0,0,0,0,0,0,0,0,0,0,1,1,1,3,3,11,11,11,13,18,21,23,29,37,38,38,41,41,46,52,65,76,76,77,93,100,105,108,118,118,126,131,136,139,140,140,146,150,151,156,160,167,168,176,177,178,183,184,185,187,187,188,188,189,190,187,187,188,189,188,188,188,187,187,187,187,189,189,189,189,189,192,192,190,192,192,192,192,193,193,193,193,193,194,194,194,194,194,194,194,195,195,195,195,195,195,195,195,195,195,195,195,195,195,195,195,195,195,196,196,196,196,196,196,196,198,198,198,199,200,200,200,200,200,200,200,198,198,198,198,198,198,198,198,198,198,198,199,199,199,199,199,199,201,201,203,203,203,203,204,204,204,204,209,209,209,209,209,209,209,209,209,209,209,212,212,212,212,212,212,212,213,213,214,216,216,216,216,216,218,218,219,219,219,220,220,221,223,224,227,243,243,273,262,260,270,270,274,278,278,284,298,301,301,303,303,304,305,308,310,310,315,315,317,318,320,320,324,324,324,328,333,341,351,357,360,360,377,386,388,416,424,437,437,445,461,482,494,521,521,521,544,560,575,590,617,617,622,636,651,675,691,712,712,736,765,815,835,861,876,886,891,891,910,929,949,978,984,987,1000
09163,Rosenheim (Kreisfreie Stadt),63551,1,1,1,1,2,2,2,2,2,2,2,2,2,4,10,15,18,33,43,48,49,53,88,101,111,128,140,146,172,208,223,228,245,198,198,218,218,248,249,280,282,282,299,301,344,339,339,348,348,361,383,414,417,420,420,426,427,438,448,448,458,456,462,462,465,485,489,496,496,499,502,503,504,505,505,508,507,507,505,505,506,506,506,506,506,509,509,510,510,510,510,510,510,510,511,511,512,511,512,512,512,512,512,512,513,513,513,514,514,514,514,515,515,515,518,518,518,518,519,519,520,524,524,524,524,524,524,524,524,524,524,524,524,524,525,527,527,527,527,528,529,531,531,531,531,537,537,537,538,538,539,539,539,539,547,547,547,548,548,549,550,551,555,557,558,558,559,566,570,575,578,589,589,594,596,598,608,612,620,620,621,620,625,628,638,639,639,653,662,664,673,676,680,680,683,690,692,693,697,697,697,697,704,705,706,707,712,716,716,719,723,725,726,728,728,733,737,747,756,768,771,774,777,784,791,798,814,822,829,834,836,839,859,888,908,926,951,975,1001,1022,1045,1072,1086,1098,1104,1134,1178,1224,1256,1256,1290,1294,1333,1363,1386,1397,1414,1415,1426,1453,1488,1519,1541,1559,1565,1572,1606,1636,1685,1713,1735,1741,1743,1776,1809,1836,1860,1875,1878,1886
09187,Rosenheim (Landkreis),261330,0,0,0,0,0,3,3,7,13,16,17,27,31,45,68,75,84,144,225,231,258,384,500,623,623,745,747,777,861,963,1078,1105,1172,1189,1189,1310,1310,1453,1457,1550,1555,1555,1609,1645,1758,1752,1752,1798,1798,1862,1888,1914,1926,1970,1970,1992,2003,2017,2052,2052,2077,2077,2088,2092,2112,2134,2142,2152,2152,2175,2183,2191,2197,2205,2205,2219,2221,2223,2237,2237,2243,2246,2252,2255,2258,2262,2269,2269,2270,2270,2271,2271,2273,2278,2277,2277,2279,2280,2280,2281,2281,2281,2284,2285,2285,2285,2285,2285,2285,2285,2285,2287,2287,2287,2288,2289,2288,2288,2288,2288,2290,2291,2298,2298,2300,2300,2305,2305,2305,2308,2308,2309,2309,2310,2310,2310,2312,2312,2312,2315,2314,2314,2314,2318,2318,2323,2324,2324,2325,2327,2327,2327,2327,2327,2326,2326,2332,2333,2333,2334,2338,2341,2349,2353,2355,2355,2357,2362,2364,2370,2374,2379,2379,2390,2401,2405,2412,2420,2419,2419,2423,2428,2432,2439,2445,2447,2447,2464,2472,2478,2487,2493,2499,2499,2505,2508,2515,2518,2526,2528,2528,2528,2538,2542,2549,2565,2575,2588,2589,2597,2603,2613,2622,2633,2633,2642,2644,2653,2667,2696,2716,2736,2741,2745,2765,2808,2847,2887,2905,2908,2938,2959,3021,3069,3151,3210,3243,3311,3399,3487,3589,3688,3767,3811,3847,3973,4134,4289,4449,4449,4578,4633,4724,4847,4984,5093,5165,5175,5246,5340,5497,5629,5743,5820,5836,5902,5991,6087,6197,6295,6348,6372,6383,6478,6551,6632,6702,6753,6762,6807
13003,Rostock (Kreisfreie Stadt),209191,0,0,0,0,0,0,2,2,4,6,8,10,11,16,23,23,23,25,27,29,29,34,38,48,53,56,58,59,60,61,62,64,64,65,71,71,72,72,72,72,72,73,74,74,74,74,74,75,75,75,75,75,75,75,75,75,75,75,75,75,75,76,79,81,81,82,83,84,85,87,88,88,88,88,89,89,91,99,99,99,99,99,99,99,99,99,99,99,99,99,99,100,100,100,100,100,100,100,100,101,102,102,102,102,102,103,103,103,103,103,103,103,104,104,105,105,105,105,106,106,106,106,106,106,106,106,106,106,106,106,106,106,106,106,106,106,106,106,106,106,106,106,116,116,116,117,117,117,117,117,118,118,118,118,123,123,125,125,125,130,131,131,132,132,133,134,135,135,137,138,140,140,141,142,143,143,143,143,143,144,144,144,144,144,146,146,146,150,151,151,151,152,152,152,154,156,157,167,170,170,170,185,185,184,184,185,185,185,187,187,188,191,194,194,194,204,206,211,212,214,214,214,221,224,245,250,254,258,259,263,266,277,287,302,312,319,319,332,346,353,361,366,375,380,388,397,409,438,450,467,481,483,490,499,508,510,518,524,538,552,567,575,589,596,600,614,625,634,648,653,656,657,660,669,678,688,691,692,692,700
13072,Rostock (Landkreis),215794,0,0,0,0,0,2,3,3,6,8,10,11,11,13,13,13,17,17,17,18,20,24,24,25,26,26,29,31,32,37,42,44,46,46,46,47,50,52,52,54,54,54,54,54,54,54,54,54,54,54,54,54,55,55,55,57,57,59,61,63,63,64,64,67,67,67,67,67,67,72,73,74,74,74,74,74,75,76,75,75,75,75,75,75,75,75,75,75,75,75,75,75,75,75,75,75,75,76,76,76,76,76,76,76,76,76,76,76,76,76,76,76,76,76,77,77,77,77,77,77,77,76,76,76,76,76,76,76,76,76,76,76,76,76,76,76,76,76,76,76,76,76,76,76,76,76,76,76,78,78,78,78,78,78,78,79,81,81,82,82,82,82,82,83,83,83,82,84,84,85,85,85,85,85,85,85,85,85,85,85,85,85,87,87,87,87,87,88,90,93,93,93,93,93,93,93,94,94,94,94,94,94,94,94,94,94,94,94,95,95,96,96,100,100,100,104,107,107,109,109,109,109,112,119,121,127,131,131,135,137,140,158,186,201,216,223,228,239,261,281,298,311,317,319,330,343,351,354,370,373,373,387,405,413,428,433,433,438,451,467,479,494,498,501,508,514,530,544,549,549,552,554,564,571,578,580,584,585,589,594
03357,Rotenburg (Wümme) (Landkreis),163782,2,2,2,2,2,2,3,5,5,5,7,7,18,18,19,22,25,30,34,34,36,38,42,49,50,54,55,55,58,63,66,67,72,73,75,76,78,79,81,82,86,87,88,92,96,96,96,97,97,98,98,99,99,100,100,100,101,103,103,103,105,105,105,105,106,106,106,106,107,107,108,108,108,108,108,108,108,109,109,109,109,109,109,109,109,109,109,109,109,109,109,109,109,109,109,109,109,109,109,109,109,109,109,109,109,110,110,110,110,110,110,110,110,110,110,110,110,110,110,114,114,114,114,114,114,114,114,114,115,115,115,114,114,114,114,114,114,114,114,114,114,114,114,114,114,114,114,115,116,116,115,115,115,118,119,120,121,123,123,123,129,133,133,136,136,137,137,144,164,166,176,180,180,184,187,189,190,193,196,196,200,202,205,205,209,209,209,210,210,212,211,211,211,211,214,214,214,214,220,221,227,228,229,242,251,267,273,276,282,284,293,296,302,302,302,314,316,327,335,340,340,340,351,355,367,376,384,384,384,394,394,404,406,424,425,425,436,438,479,503,529,532,532,569,575,596,643,662,662,662,716,733,765,786,822,822,822,868,873,904,934,955,955,955,1009,1011,1032,1048,1089,1089,1105,1139,1145,1180,1213,1234,1234,1234,1270,1278
09576,Roth (Landkreis),126749,1,2,2,2,2,2,2,2,3,3,3,4,5,5,7,8,12,12,14,21,25,27,47,60,69,82,82,90,110,149,166,166,183,187,210,219,224,231,241,241,241,251,253,259,261,263,263,267,270,272,272,276,279,279,279,280,280,280,280,280,290,291,291,291,291,290,288,288,288,288,289,289,290,290,291,291,291,291,291,291,291,291,292,292,292,293,291,291,291,291,291,291,291,291,291,291,291,291,291,288,287,287,287,287,287,287,287,287,287,287,285,284,284,284,284,284,284,284,284,284,284,284,284,284,284,284,284,284,284,284,284,286,286,287,287,287,287,287,287,290,290,290,290,290,290,290,290,291,291,293,293,293,291,291,291,291,291,291,291,291,294,299,299,299,299,299,299,311,311,311,314,314,314,314,319,321,323,323,323,323,323,328,328,328,328,333,333,337,337,339,341,343,343,343,344,344,344,344,347,357,357,357,357,354,358,358,358,358,363,365,368,367,365,367,367,367,370,370,373,381,382,382,382,388,391,412,412,420,420,435,442,448,468,478,484,484,507,527,540,560,582,601,609,640,652,669,687,720,747,763,783,821,851,895,930,968,993,1016,1033,1054,1096,1134,1180,1209,1213,1226,1289,1307,1351,1392,1392,1447,1464,1490,1526,1556,1598,1639,1679,1724
09277,Rottal-Inn (Landkreis),121502,0,0,0,0,0,0,1,2,7,7,10,14,17,30,36,46,55,59,75,87,110,144,160,180,192,243,286,313,355,374,410,432,494,516,537,568,589,602,621,621,628,652,654,657,659,670,678,681,684,690,686,688,690,691,695,696,696,701,701,702,704,705,707,709,712,714,714,719,725,727,729,729,730,730,731,731,731,731,731,731,731,731,733,733,733,733,733,733,733,733,734,733,733,734,734,734,734,734,734,734,734,734,734,734,734,734,734,734,734,734,734,734,734,734,734,735,735,735,735,735,735,735,735,735,737,737,737,737,737,737,737,737,737,737,737,737,737,737,737,737,737,737,741,741,741,741,741,741,741,741,741,741,741,742,742,744,745,745,745,745,745,745,745,750,750,750,750,761,764,764,766,772,772,778,780,787,790,790,791,791,792,794,796,796,799,799,799,816,816,824,824,826,826,826,831,838,838,846,846,846,846,860,863,864,864,864,866,866,866,877,884,886,886,887,887,892,901,913,918,931,964,964,964,983,1015,1048,1065,1065,1123,1125,1168,1205,1247,1277,1293,1396,1396,1457,1503,1559,1615,1648,1712,1767,1792,1834,1878,1906,1957,1996,2014,2029,2052,2089,2112,2140,2175,2195,2201,2221,2283,2313,2347,2383,2418,2443,2468,2526,2555,2585,2600,2624,2633,2643,2680,2706,2722,2744,2770,2779
08325,Rottweil (Landkreis),139878,1,1,1,1,1,1,1,1,1,2,3,4,4,5,5,5,8,8,8,17,17,50,86,98,108,128,138,152,161,189,233,257,289,302,317,325,369,415,415,435,464,464,483,503,517,529,529,533,536,542,554,566,569,584,592,602,608,614,624,624,638,627,631,636,639,642,656,642,644,646,653,655,659,659,659,659,660,661,661,663,664,664,664,664,664,666,669,669,669,669,669,669,670,671,671,671,671,670,670,670,672,672,672,672,672,672,674,674,674,674,675,678,678,678,680,680,680,680,680,680,679,679,679,679,680,680,680,680,680,680,680,680,680,680,680,681,681,681,681,681,681,681,682,682,682,683,683,683,683,683,683,683,684,684,684,685,685,686,686,687,689,689,690,690,690,690,692,695,698,698,702,706,707,707,707,707,709,712,714,714,716,717,722,725,728,728,729,729,731,733,734,735,736,738,738,738,740,741,744,746,749,749,751,755,761,764,767,768,769,772,775,776,779,781,781,783,783,785,788,794,795,795,799,809,814,821,833,841,849,861,867,890,902,926,941,972,974,986,1013,1031,1070,1084,1102,1117,1124,1160,1197,1238,1293,1352,1362,1373,1436,1462,1510,1536,1557,1584,1599,1645,1687,1740,1759,1783,1797,1800,1836,1878,1898,1954,1992,2001,2009,2058,2113,2185,2195,2284,2296,2310
16074,Saale-Holzland-Kreis (Landkreis),82950,0,0,0,0,0,0,1,1,3,3,3,3,3,4,5,10,14,14,17,17,18,19,20,21,22,27,28,29,30,35,36,36,45,46,47,47,49,49,50,50,50,50,50,50,50,50,50,50,52,53,55,55,55,55,56,56,56,57,58,59,59,59,59,61,62,62,64,68,68,68,66,67,67,68,68,68,72,68,69,69,69,69,70,70,71,71,71,71,71,71,71,71,72,72,72,72,72,72,72,73,73,73,73,73,73,73,73,73,73,73,73,73,73,73,73,73,73,73,73,73,73,73,73,73,73,73,73,73,73,73,73,73,73,73,73,73,73,73,73,73,73,73,73,73,73,73,73,73,73,73,73,73,73,73,73,73,73,73,73,73,73,73,74,75,75,75,75,76,76,76,77,77,77,77,77,77,78,78,78,79,79,79,79,79,81,81,81,86,86,90,90,90,91,92,92,92,92,93,93,93,96,98,98,99,99,100,101,101,101,101,103,103,103,105,108,108,109,112,114,117,122,124,124,126,132,136,144,150,155,156,160,168,182,197,205,235,235,236,247,252,266,284,301,304,307,312,319,333,345,356,361,370,383,395,414,440,453,457,466,484,503,517,538,562,563,564,573,582,600,614,632,641,647,656,670,686,699,718,730,742
15088,Saalekreis (Landkreis),183815,0,0,0,0,0,0,1,1,1,1,1,1,3,3,6,12,15,19,22,23,32,41,46,50,56,56,58,63,71,77,80,82,83,84,86,91,95,96,96,97,99,100,100,100,101,103,103,106,106,106,106,107,107,107,107,107,108,111,113,114,114,115,118,120,121,122,122,124,125,126,126,126,126,126,126,126,127,127,127,127,127,127,128,129,129,130,130,130,130,130,130,130,130,130,130,130,130,130,130,130,130,130,130,130,131,131,131,131,131,131,133,134,134,134,134,134,134,134,134,134,134,134,134,134,136,138,138,138,138,138,138,138,138,138,138,139,139,139,140,140,140,141,141,141,141,142,142,142,142,142,142,142,142,142,143,143,144,144,144,146,148,152,152,152,152,152,153,153,154,154,154,154,155,155,155,156,156,156,156,156,156,158,161,161,161,162,162,163,163,164,164,166,166,166,168,170,170,170,172,172,173,173,176,180,180,181,181,185,186,186,189,189,189,189,191,191,193,198,198,198,198,204,208,212,214,220,232,232,232,247,252,256,265,278,278,286,297,301,321,330,346,358,364,370,391,406,423,454,465,486,499,504,531,568,589,618,631,641,652,681,701,746,764,841,883,896,929,979,1009,1071,1115,1144,1160,1200,1224,1275,1332,1362,1410,1434
16075,Saale-Orla-Kreis (Landkreis),80312,1,1,1,1,1,3,3,3,3,3,3,3,3,3,4,5,6,7,7,9,9,9,10,27,27,27,32,34,37,47,60,61,65,70,70,80,83,85,88,92,95,98,100,101,103,103,107,110,113,113,117,118,118,118,121,121,123,127,127,127,127,127,129,132,132,134,134,134,136,137,138,139,140,140,140,140,143,145,145,146,146,146,146,146,148,148,149,149,149,149,151,151,151,151,151,151,151,151,151,151,151,151,151,151,151,151,151,151,151,151,151,151,151,151,151,151,151,152,152,152,152,152,152,152,152,152,152,152,152,152,152,152,152,152,152,152,152,152,152,152,152,152,152,152,152,152,152,153,153,153,153,153,155,155,157,157,158,158,158,158,161,161,161,161,161,161,161,161,161,161,161,161,161,161,161,161,164,164,164,164,166,166,166,166,166,166,166,169,169,169,170,172,172,172,172,172,172,173,174,174,174,174,174,174,178,178,178,178,178,178,180,181,182,202,208,206,206,207,213,216,217,217,219,220,220,223,230,230,230,235,237,241,245,252,252,254,263,265,268,275,279,279,279,283,289,302,310,326,326,326,331,338,345,353,361,361,361,379,389,399,419,443,443,463,505,532,554,591,609,609,618,649,649,680,704,824,879,910,955,975
16073,Saalfeld-Rudolstadt (Landkreis),103199,0,0,0,0,0,0,0,0,0,5,5,5,5,5,5,8,12,12,17,17,17,20,25,33,33,33,33,39,45,47,48,48,48,52,52,52,54,55,55,55,54,54,54,54,54,54,54,54,54,55,57,58,58,58,59,59,63,63,63,63,63,63,63,64,64,65,65,65,65,65,66,66,66,67,67,69,69,69,69,69,69,69,69,69,70,70,71,71,71,71,71,71,71,71,71,71,71,71,71,71,71,71,71,72,72,72,72,72,72,72,72,72,72,72,72,72,72,72,72,72,72,72,72,72,72,72,72,72,72,72,72,72,72,72,72,72,72,72,72,72,72,72,72,72,72,72,72,72,72,72,72,72,72,72,72,72,72,72,72,72,72,72,72,72,72,73,74,74,75,75,75,78,78,78,78,78,78,78,78,78,78,78,78,78,78,78,78,78,80,80,80,82,82,82,82,82,85,85,85,85,85,85,85,90,90,92,92,92,92,92,101,101,105,105,108,108,109,109,111,113,113,114,115,116,117,118,120,120,120,123,124,128,132,132,133,140,140,145,150,160,166,171,171,179,190,199,215,241,244,260,264,276,285,296,324,338,354,366,373,373,392,419,461,477,510,531,563,598,617,636,659,724,724,748,816,873,929,929,947,1000
10044,Saarlouis (Landkreis),194319,0,0,0,0,0,0,1,1,2,5,5,10,17,24,26,37,39,46,46,57,58,62,78,96,97,124,132,159,172,215,230,252,278,296,318,353,377,390,398,402,408,413,426,440,449,453,453,458,462,474,489,495,502,503,503,503,508,514,516,516,516,518,518,521,523,524,525,525,525,528,528,530,530,530,530,530,531,532,533,534,535,538,540,541,541,542,542,542,542,542,542,544,544,545,547,547,548,548,548,551,551,552,552,552,552,553,553,555,555,555,555,556,556,556,557,559,559,559,559,559,560,560,560,560,560,561,561,561,561,561,561,561,561,562,565,565,565,565,565,567,567,567,567,567,567,567,571,571,572,572,572,573,573,573,574,575,578,580,581,582,585,585,591,595,595,596,598,602,606,610,623,623,623,623,627,630,638,639,650,650,650,650,651,651,655,657,657,657,657,659,662,664,665,666,667,668,668,680,681,682,683,683,686,689,690,692,696,696,696,706,715,718,723,731,731,732,736,744,750,759,769,774,777,798,808,838,858,874,876,879,902,947,999,1045,1072,1089,1107,1170,1213,1256,1290,1337,1361,1421,1456,1517,1555,1643,1682,1727,1771,1809,1871,1914,1960,2029,2082,2089,2120,2153,2238,2281,2329,2353,2358,2379,2420,2456,2491,2529,2532,2535,2560,2597,2634,2674,2724,2751,2759,2798
10045,Saarpfalz-Kreis (Landkreis),142196,0,0,1,3,3,3,3,3,3,4,4,14,17,17,28,35,40,43,56,76,87,94,102,115,115,115,127,140,160,184,193,193,193,213,226,233,241,248,251,252,223,256,262,294,296,299,303,303,304,305,305,310,314,314,314,316,317,324,324,324,324,325,326,327,327,330,332,332,332,332,332,333,333,334,334,334,335,335,335,335,335,335,335,336,336,336,338,339,339,340,341,341,342,342,343,343,344,344,344,344,344,344,344,344,344,344,344,344,344,344,344,344,344,344,344,344,344,344,344,344,344,344,344,344,344,344,345,348,350,351,352,352,353,354,355,357,358,358,358,359,359,359,359,359,359,359,359,361,361,361,361,361,361,361,363,369,372,375,375,376,378,385,390,397,397,397,400,401,404,406,409,409,409,409,409,410,412,416,416,416,416,418,419,422,423,423,424,425,429,431,431,436,436,437,437,439,442,442,445,446,446,446,446,447,452,458,458,462,461,466,467,476,476,476,483,488,500,508,516,524,529,536,539,545,558,568,581,599,601,604,622,639,658,677,693,706,713,746,778,811,858,880,898,924,942,965,1017,1036,1065,1072,1088,1124,1155,1174,1203,1231,1245,1261,1293,1303,1338,1371,1396,1418,1436,1479,1506,1521,1547,1617,1627,1639,1678,1719,1773,1825,1869,1880,1889,1913
14628,Sächsische Schweiz-Osterzgebirge (Landkreis),245586,1,1,1,1,1,1,2,2,6,8,11,11,11,14,20,27,35,41,64,73,82,83,105,112,142,151,175,179,199,213,222,226,255,258,269,279,285,288,292,295,298,301,304,309,316,316,316,319,321,325,328,332,332,332,333,335,335,335,335,335,335,336,339,340,342,343,343,343,347,350,351,354,359,359,359,365,370,379,379,379,379,379,383,384,385,386,386,386,386,386,386,386,386,387,387,387,387,387,387,387,387,387,387,387,389,389,389,389,389,389,389,389,389,389,389,389,389,389,389,389,389,390,390,390,390,390,390,390,390,390,390,390,390,390,390,390,390,390,390,390,390,390,390,390,390,392,394,394,394,394,394,394,394,394,394,394,395,395,395,395,396,396,403,403,403,403,404,405,406,407,408,408,408,408,408,409,409,411,411,411,412,415,416,418,424,424,424,425,426,426,427,430,430,430,431,431,437,437,439,439,439,441,441,444,446,451,451,451,456,458,468,468,468,475,475,475,482,490,509,519,536,536,541,547,556,580,596,624,624,679,692,760,790,812,829,853,894,904,981,1050,1107,1144,1209,1242,1323,1391,1468,1592,1658,1759,1823,1893,1984,2073,2173,2277,2349,2459,2580,2630,2731,2850,2979,3089,3300,3448,3550,3606,3771,3983,4211,4403,4552,4665,4865,5030,5282,5514,5676,5794
03102,Salzgitter (Kreisfreie Stadt),104291,0,0,0,0,0,0,0,0,1,1,2,2,2,3,5,10,18,23,25,26,30,34,41,44,45,45,53,55,58,61,64,67,70,72,72,85,94,97,97,97,99,100,102,107,110,113,115,117,117,119,126,126,126,127,128,128,130,130,130,131,131,131,131,132,132,132,132,132,137,137,138,138,139,139,139,139,140,140,140,140,140,140,141,142,142,142,142,142,142,142,142,142,142,145,145,145,145,145,145,145,145,145,145,145,145,145,145,146,150,150,151,151,150,151,151,151,153,156,156,157,159,159,159,159,160,160,160,160,160,160,160,160,160,161,161,162,162,163,163,163,163,163,163,163,163,163,163,165,166,166,166,166,166,166,168,170,171,171,172,171,172,174,175,176,176,183,181,194,194,196,201,203,205,203,208,211,213,216,216,220,216,222,225,225,230,230,230,230,231,233,235,237,238,238,238,244,248,254,261,261,263,263,264,265,265,265,265,265,266,268,269,269,269,269,269,269,270,270,270,271,275,275,275,276,282,296,299,303,306,304,308,337,345,345,366,366,387,423,444,481,519,544,554,575,607,630,661,708,748,750,756,801,835,886,916,941,964,968,999,1049,1079,1087,1135,1179,1181,1192,1205,1232,1266,1288,1295,1299,1303,1315,1339,1353,1373,1381,1383,1383
15089,Salzlandkreis (Landkreis),189125,0,0,0,0,0,0,1,3,6,7,7,7,8,8,8,11,18,18,18,21,27,33,37,37,37,37,39,40,44,45,48,49,54,56,58,59,59,59,59,60,60,60,60,60,60,61,62,62,62,62,63,63,63,63,63,64,64,65,65,65,65,65,65,65,65,65,65,65,65,66,66,68,68,68,68,68,68,68,68,68,68,68,68,68,68,68,68,68,68,68,68,68,68,68,68,68,68,68,68,68,68,68,68,68,68,68,68,68,68,68,68,68,68,69,70,70,70,71,71,71,71,71,71,71,71,71,71,71,71,71,71,71,71,71,71,72,72,72,72,73,73,74,75,75,75,74,74,74,74,75,75,75,75,75,75,75,75,75,75,77,77,79,79,79,79,79,79,79,80,81,81,81,81,82,83,83,85,85,85,85,85,86,86,86,86,86,87,87,87,87,87,87,87,87,87,87,88,90,93,93,93,95,103,110,110,116,116,116,120,125,136,140,141,141,141,145,146,147,151,153,153,153,153,155,155,158,167,167,167,189,197,204,220,238,238,238,264,277,291,305,339,374,377,393,409,445,464,477,496,505,513,520,546,577,588,602,618,634,638,678,695,732,769,787,787,808,850,887,942,993,1015,1051,1062,1114,1166,1204,1266,1282,1286,1317
03257,Schaumburg (Landkreis),157820,0,0,0,0,0,0,0,0,1,2,2,2,4,5,12,19,23,27,29,32,32,38,44,48,53,53,53,54,59,62,71,78,81,81,83,91,106,112,120,120,122,122,125,128,132,133,140,139,138,138,139,141,142,143,145,146,148,148,150,150,150,150,152,153,155,156,156,156,156,156,156,156,158,158,159,159,159,161,161,161,161,161,161,162,162,164,164,164,164,164,164,164,164,164,164,164,164,165,166,166,166,166,166,166,166,166,166,166,166,166,166,166,166,166,166,166,166,166,166,166,166,166,166,166,166,166,166,166,166,166,166,166,166,167,167,169,169,169,172,172,173,174,175,175,175,176,177,177,180,180,180,180,183,183,187,188,188,188,188,188,191,194,195,196,196,196,204,205,216,218,219,219,219,223,224,225,226,226,226,226,229,230,232,235,240,240,240,251,256,258,261,265,265,265,273,273,280,289,290,290,290,297,297,297,302,306,306,309,314,315,316,320,327,327,327,328,329,330,331,338,338,338,341,343,352,354,356,358,358,370,382,389,425,436,443,458,480,488,507,554,590,593,633,649,671,693,719,756,789,823,830,855,892,926,942,945,1001,1010,1018,1054,1074,1091,1113,1139,1141,1145,1183,1209,1224,1231,1253,1254,1255,1274,1296,1308,1310,1327,1327,1360
01059,Schleswig-Flensburg (Kreis),201156,0,0,0,0,0,0,0,1,2,5,5,11,16,17,21,22,23,24,27,27,34,34,38,48,62,67,69,75,87,88,91,93,95,95,99,101,104,107,108,111,113,113,115,116,116,116,116,117,116,121,121,121,122,123,123,125,125,125,125,125,126,125,126,127,127,128,128,128,128,128,128,129,129,129,129,129,130,133,134,155,156,156,156,158,158,158,159,159,159,159,159,159,159,159,159,159,160,161,161,161,161,161,161,161,161,161,161,161,161,161,161,161,161,161,161,161,161,161,161,161,161,161,161,161,161,161,160,160,160,160,160,160,161,161,161,160,160,160,161,161,161,161,161,161,161,161,161,163,164,165,166,166,166,166,166,167,168,169,169,170,170,171,171,171,172,172,172,173,174,174,174,174,174,175,176,177,178,178,178,178,178,178,178,178,178,178,178,178,180,181,181,181,181,181,182,182,182,183,183,183,185,185,186,188,188,188,189,189,189,189,189,191,192,192,198,198,201,204,208,209,209,214,214,215,215,217,222,224,232,232,238,243,260,269,275,280,294,305,318,332,341,357,374,375,381,391,404,412,423,427,440,446,461,467,473,477,485,488,491,493,496,498,500,502,503,506,511,516,519,522,525,526,526,526,527,530,533,537,540,545
16066,Schmalkalden-Meiningen (Landkreis),124916,0,0,0,0,0,0,0,0,1,2,2,2,2,3,5,5,9,13,15,15,15,19,21,25,27,28,30,30,33,33,36,36,38,39,42,49,55,55,55,55,55,61,67,68,71,72,73,74,76,78,86,90,90,90,90,94,95,97,97,97,97,98,100,103,106,107,107,111,111,113,114,116,118,118,119,119,122,122,122,122,122,122,126,127,131,132,132,132,132,132,136,137,139,140,140,140,141,144,144,145,146,146,146,146,146,147,147,147,147,147,147,149,149,151,150,150,150,150,152,152,152,153,153,153,156,158,159,159,159,159,159,160,161,161,161,161,161,161,161,162,162,162,162,162,162,163,164,165,166,168,168,168,171,172,174,175,176,176,176,177,180,183,184,184,184,184,184,184,190,190,191,191,191,192,192,193,194,194,195,195,194,194,195,195,195,195,195,195,195,195,195,195,195,197,196,196,196,197,197,197,197,197,197,198,198,198,198,198,199,200,200,201,202,202,208,207,207,207,210,214,214,214,219,221,232,238,242,251,254,258,260,270,288,298,342,347,351,387,403,425,433,451,463,467,483,514,524,542,572,577,580,593,607,639,653,672,694,698,709,749,775,821,853,894,907,933,973,1007,1062,1102,1134,1153,1168,1203,1252,1302,1342,1368,1378,1392
09565,Schwabach (Kreisfreie Stadt),40981,1,1,1,1,1,1,1,1,1,1,1,1,2,5,6,6,8,8,8,8,9,12,16,17,18,24,25,26,35,37,37,40,47,48,54,59,61,63,63,63,63,66,68,70,70,70,70,72,72,73,73,74,74,74,74,74,74,74,74,74,77,77,77,79,78,78,78,78,78,78,78,78,78,78,78,78,78,78,78,78,78,78,78,78,78,78,78,78,78,78,79,79,79,79,79,79,79,79,79,78,78,78,78,78,79,79,79,79,79,79,79,80,80,80,80,80,80,80,80,80,80,80,80,80,81,81,81,81,82,83,83,83,86,86,86,86,86,86,86,86,86,86,87,87,87,87,87,88,89,91,91,91,92,92,92,92,92,92,92,92,92,92,92,92,93,93,93,94,94,94,93,93,93,93,95,95,95,96,96,96,98,98,101,101,102,102,102,104,104,108,111,111,111,111,111,111,111,111,111,112,112,112,112,118,118,119,120,120,122,123,122,123,123,125,125,125,125,125,130,131,131,131,131,138,141,141,145,149,149,155,160,162,166,167,168,168,168,183,189,193,206,211,218,229,229,248,256,267,282,288,295,310,332,344,354,363,372,377,381,403,409,419,423,426,430,437,445,464,479,495,495,579,590,600,630,642,661,673,688,705
08127,Schwäbisch Hall (Landkreis),196761,0,0,0,0,0,1,1,1,15,22,22,22,35,48,62,62,98,98,111,145,201,201,311,347,347,406,437,476,532,582,627,627,686,722,737,777,777,808,808,808,825,832,846,870,888,888,904,916,927,935,942,954,954,980,988,992,998,1002,1002,1002,1005,1005,1007,1010,1010,1021,1021,1030,1031,1033,1035,1036,1041,1041,1042,1043,1043,1046,1046,1055,1055,1055,1056,1056,1057,1061,1061,1061,1061,1066,1066,1067,1067,1067,1067,1067,1067,1067,1068,1068,1067,1067,1067,1067,1067,1069,1069,1069,1069,1069,1069,1069,1069,1072,1072,1072,1072,1072,1072,1074,1074,1074,1074,1074,1074,1074,1074,1074,1074,1074,1074,1074,1074,1078,1078,1078,1078,1078,1078,1078,1078,1078,1078,1078,1078,1078,1078,1079,1079,1079,1079,1079,1079,1079,1085,1085,1085,1085,1085,1085,1085,1100,1100,1100,1100,1100,1100,1100,1116,1116,1127,1127,1127,1134,1137,1141,1147,1148,1148,1148,1155,1162,1163,1165,1166,1166,1166,1183,1185,1187,1188,1189,1189,1189,1203,1202,1212,1219,1228,1228,1228,1252,1257,1263,1277,1288,1288,1301,1308,1315,1320,1329,1336,1336,1341,1350,1359,1373,1395,1410,1410,1437,1442,1453,1471,1496,1515,1515,1542,1555,1567,1585,1626,1653,1653,1697,1717,1731,1764,1796,1832,1832,1887,1917,1940,1973,2002,2040,2040,2051,2069,2096,2116,2145,2166,2166,2222,2249,2262,2296,2334,2364,2364,2389,2395,2402,2433,2468,2496,2496,2527,2538,2553,2604,2653,2692,2692,2742,2759,2784
06634,Schwalm-Eder-Kreis (Landkreis),179673,0,0,0,0,0,0,0,0,1,6,17,25,26,34,54,62,66,71,71,77,82,89,109,131,149,162,162,162,183,212,241,264,275,282,293,313,325,335,348,356,356,358,381,405,416,425,425,425,431,442,447,451,451,451,458,462,469,472,472,472,475,480,486,488,492,493,493,493,496,497,498,499,503,503,503,506,507,512,515,515,516,516,516,516,518,518,518,521,521,521,521,525,526,526,527,527,527,527,528,528,529,529,529,529,530,531,532,532,532,532,533,534,534,536,542,542,545,544,544,548,549,550,550,550,552,554,556,557,558,558,559,560,560,562,563,568,568,568,571,571,574,580,581,581,582,595,597,600,602,603,603,606,607,607,607,607,609,609,609,609,609,610,610,610,612,613,615,618,618,631,631,634,635,635,638,640,640,640,641,641,642,642,643,646,646,646,646,646,646,648,649,650,650,650,650,650,653,655,659,659,660,662,665,667,673,675,677,677,678,679,682,684,686,692,692,692,693,700,706,711,721,721,721,734,748,755,765,770,780,784,794,822,835,852,863,870,877,889,922,944,969,999,1021,1052,1062,1086,1099,1133,1152,1187,1209,1219,1248,1314,1350,1376,1395,1407,1421,1448,1489,1515,1577,1614,1623,1639,1696,1756,1777,1856,1866,1870,1887,1949,1984,2007,2054,2075,2079,2117
09376,Schwandorf (Landkreis),147872,0,0,0,0,1,1,1,2,5,7,7,7,12,15,17,23,24,32,39,43,57,68,74,76,92,114,123,134,176,191,219,251,255,263,282,303,319,343,343,343,360,362,372,376,404,404,414,414,418,421,425,429,429,431,432,432,432,435,436,436,436,436,439,440,441,444,444,449,450,451,456,458,459,459,480,482,485,485,489,496,496,500,501,504,504,505,506,506,506,507,507,507,508,508,508,508,508,508,508,508,508,508,508,508,508,508,508,508,508,508,508,508,508,508,508,508,508,508,508,508,508,508,508,508,508,508,508,508,508,509,509,509,509,509,509,509,509,509,510,510,510,511,511,511,511,511,511,512,512,514,514,514,516,516,519,519,519,519,519,519,519,519,519,523,523,523,524,530,530,533,534,534,543,545,549,549,550,556,556,556,557,559,561,561,562,563,563,569,569,572,573,574,575,575,577,577,577,580,581,581,581,581,586,588,588,588,589,590,590,593,598,598,601,601,601,603,607,608,609,616,619,623,624,627,631,641,644,645,645,656,664,681,701,717,717,743,755,771,791,800,819,819,847,848,863,931,931,982,1049,1109,1150,1176,1241,1291,1428,1507,1567,1633,1655,1706,1716,1775,1840,1879,1884,1950,2021,2048,2104,2145,2145,2260,2273,2326,2376,2401,2489,2489,2509,2558
08326,Schwarzwald-Baar-Kreis (Landkreis),212506,0,0,0,1,1,1,1,2,4,7,7,16,16,27,29,40,43,67,76,80,103,123,133,153,170,175,187,201,209,254,284,301,306,319,323,336,347,362,370,370,376,381,397,405,412,421,426,432,434,446,466,475,476,478,478,482,492,496,500,508,515,515,520,523,521,524,527,527,531,534,539,538,536,541,541,543,543,544,544,544,545,545,545,545,548,551,551,551,551,551,557,559,561,562,562,563,563,563,563,563,566,566,566,569,571,571,571,571,571,571,580,581,581,582,586,586,586,586,587,587,587,587,587,587,587,587,587,587,587,587,587,588,588,588,588,588,588,588,589,588,588,589,589,589,589,590,590,590,591,590,590,590,591,591,592,592,593,593,593,593,593,594,599,598,598,598,605,605,610,613,616,623,626,625,627,629,631,631,636,638,639,640,645,645,646,647,647,648,650,654,652,654,655,655,661,662,664,667,669,672,672,675,675,676,677,679,687,687,687,687,690,695,695,695,695,706,707,715,722,728,728,728,764,771,802,826,852,870,884,895,903,920,937,960,986,1012,1032,1059,1077,1113,1137,1157,1181,1218,1267,1307,1386,1411,1462,1514,1520,1543,1591,1663,1710,1746,1814,1820,1838,1915,1986,2045,2109,2157,2187,2213,2313,2409,2511,2556,2657,2675,2697,2792,2878,2935,3010,3069,3082,3112
09662,Schweinfurt (Kreisfreie Stadt),53426,0,0,0,0,0,0,0,0,0,1,1,3,4,8,9,9,12,13,13,13,13,13,13,19,19,27,40,50,55,65,69,78,84,90,90,94,98,105,117,124,126,128,131,134,138,139,140,144,145,147,151,157,158,160,160,160,166,166,171,173,174,174,174,174,174,174,174,174,175,175,175,175,175,175,175,175,175,175,175,176,176,176,176,176,176,178,180,180,180,180,180,180,180,180,180,180,180,181,181,181,181,181,181,181,181,181,181,181,181,181,181,181,185,185,185,185,185,185,185,191,191,191,191,191,191,191,194,194,194,194,194,194,194,194,194,194,194,194,194,194,195,195,195,195,195,195,195,196,196,196,196,196,196,196,199,199,199,199,199,199,199,201,201,201,201,201,201,201,206,206,206,206,206,206,206,210,210,210,210,210,210,210,213,213,213,213,213,213,213,221,221,221,221,221,221,221,230,230,230,230,230,230,230,235,235,235,235,235,235,238,246,246,255,255,255,255,258,260,269,272,276,276,276,287,293,306,317,327,332,336,344,353,364,380,387,407,434,438,449,481,501,519,528,532,552,569,585,611,631,649,664,669,678,687,702,713,727,743,752,756,766,795,819,847,864,869,879,899,910,916,926,931,935,944,967,979,987,1009,1010,1014
09678,Schweinfurt (Landkreis),115445,0,0,0,0,0,0,0,0,0,4,4,6,10,16,18,18,27,35,37,45,50,60,79,79,92,137,147,137,144,165,189,215,230,257,268,274,294,303,342,349,352,359,376,367,367,367,400,406,409,432,437,443,447,460,461,461,469,469,476,475,478,477,477,477,482,487,487,487,491,493,494,495,500,500,500,508,506,506,506,509,509,509,510,510,510,512,520,520,520,520,521,521,522,523,523,523,523,523,523,523,523,523,523,522,522,523,523,523,523,523,523,523,526,526,526,526,526,526,526,526,526,526,526,526,526,526,528,528,528,528,528,528,528,529,529,529,529,529,529,529,532,532,532,532,532,532,532,532,532,532,532,532,532,532,543,543,543,543,543,543,543,550,550,550,550,550,550,559,563,563,563,563,563,563,563,569,569,569,572,572,572,572,581,581,581,581,581,581,581,600,600,600,600,600,600,600,630,630,630,630,630,630,630,651,651,651,651,651,651,657,677,677,683,683,683,683,692,697,703,714,721,721,721,753,761,774,793,812,829,842,866,891,911,940,966,993,1049,1069,1092,1138,1164,1194,1237,1247,1284,1316,1346,1377,1411,1463,1491,1495,1516,1550,1580,1603,1627,1654,1671,1687,1719,1784,1814,1850,1876,1880,1889,1941,1972,1985,2001,2008,2015,2025,2083,2121,2141,2175,2180,2181
13004,Schwerin (Kreisfreie Stadt),95653,0,0,0,0,0,0,0,1,1,4,7,7,9,10,19,29,33,38,38,38,46,47,53,56,60,62,62,69,71,74,75,77,77,77,83,84,86,86,86,86,86,86,87,88,88,88,88,89,89,89,89,90,90,90,90,90,90,90,90,90,90,90,90,90,90,90,90,90,90,90,90,90,90,92,91,91,91,91,91,91,91,91,90,90,90,90,90,90,90,90,90,90,90,91,91,91,91,91,91,91,91,91,91,91,91,91,91,91,91,91,91,91,91,91,91,91,91,91,91,91,91,91,91,91,91,91,91,91,91,91,91,91,91,91,91,91,91,91,91,92,94,103,110,110,110,110,111,112,112,112,112,112,112,113,116,116,117,117,117,117,117,117,117,119,119,119,119,119,119,119,119,119,119,119,119,119,119,119,120,120,120,120,120,121,121,121,121,121,122,123,124,124,124,124,126,127,127,128,128,128,128,128,129,130,131,132,132,132,132,132,132,132,133,133,133,134,134,134,135,135,135,135,135,138,140,140,142,142,142,142,144,147,149,152,155,156,156,167,175,183,190,207,207,210,228,244,254,262,268,269,269,283,287,296,301,305,307,307,319,324,331,337,344,344,344,351,355,356,362,369,371,372,380,392,411,422,436,440,441,467
01060,Segeberg (Kreis),277175,1,2,2,2,2,2,2,2,4,4,4,6,7,14,18,19,27,29,30,34,43,48,55,63,72,73,80,93,108,119,133,141,143,151,162,169,172,180,183,184,186,194,198,201,202,205,206,207,207,208,207,212,212,214,214,216,219,222,224,225,226,229,234,239,269,270,281,284,289,292,294,294,296,296,296,297,301,305,306,315,315,315,315,315,315,316,325,326,326,330,329,329,330,331,332,332,332,332,332,332,331,331,331,331,331,331,331,332,332,332,332,332,333,333,333,333,333,333,333,335,336,336,339,339,337,338,338,338,338,338,338,345,349,349,350,351,351,351,351,351,352,354,354,354,354,354,354,354,354,355,355,356,357,359,359,361,361,364,364,368,369,375,375,376,377,377,379,379,382,387,389,391,391,391,395,399,402,403,404,409,409,409,411,414,416,417,418,419,421,421,423,424,424,427,429,436,438,443,446,447,447,449,451,453,455,457,458,459,460,462,467,469,480,480,480,486,494,500,509,534,539,544,546,551,559,570,587,601,604,609,617,641,654,687,703,714,732,784,835,855,886,922,952,976,999,1015,1054,1082,1103,1143,1175,1205,1222,1253,1280,1314,1320,1340,1354,1378,1415,1442,1442,1460,1485,1522,1558,1584,1607,1637,1648,1661,1661,1691,1720,1741,1777,1801,1806,1832
05970,Siegen-Wittgenstein (Kreis),276944,0,0,0,0,0,0,1,1,10,14,14,14,21,26,29,29,39,39,47,50,58,68,80,97,97,104,111,119,140,152,167,167,182,188,194,200,212,221,226,228,239,239,245,256,262,262,267,269,271,282,283,286,286,292,292,293,278,287,288,288,290,290,290,291,293,299,299,303,304,304,304,307,307,307,307,307,307,307,307,307,307,314,314,314,311,311,311,311,311,313,313,314,314,314,314,314,314,314,314,314,314,314,314,314,314,314,314,315,315,315,315,315,315,315,315,315,315,315,315,315,315,315,315,316,316,316,316,316,316,316,318,318,320,320,325,326,326,329,330,338,340,348,356,356,368,369,372,373,378,386,386,392,393,393,407,417,424,424,424,432,436,450,464,468,468,486,489,494,500,501,506,506,510,515,519,521,524,524,524,526,529,531,533,538,542,542,548,549,549,551,555,561,561,567,572,583,588,596,610,610,634,646,651,667,686,699,699,717,718,723,730,742,747,747,752,758,764,790,805,821,821,847,849,857,863,891,915,915,950,950,964,986,1013,1061,1091,1140,1168,1188,1220,1269,1335,1358,1404,1432,1459,1493,1545,1606,1650,1682,1743,1769,1795,1872,1950,2010,2078,2119,2159,2206,2305,2400,2474,2577,2603,2670,2686,2788,2878,3003,3058,3099,3142,3161,3251,3311,3400,3456,3480,3512
08437,Sigmaringen (Landkreis),130849,1,1,1,1,1,1,3,3,4,6,9,12,28,37,48,58,74,89,90,104,128,163,207,262,302,310,318,346,396,458,480,498,517,541,553,576,589,605,623,627,628,650,679,689,694,701,708,715,718,734,740,753,762,762,763,765,770,771,774,774,774,774,775,775,776,776,778,778,779,779,779,779,779,779,779,779,779,779,780,781,781,781,782,782,782,782,782,782,782,782,782,782,782,782,782,782,782,782,782,782,782,782,782,782,782,783,783,783,783,783,783,783,783,783,783,783,783,783,783,783,783,783,783,783,784,784,784,784,784,784,784,784,784,784,784,784,785,785,785,786,787,789,789,791,791,791,791,794,794,794,795,795,795,798,802,802,802,802,802,802,802,805,805,805,811,811,811,818,826,830,831,834,835,837,840,842,848,850,852,853,854,854,857,859,859,859,859,859,859,859,861,863,868,869,872,873,877,879,880,880,882,882,883,886,893,893,896,896,897,897,897,900,901,903,908,909,910,914,920,924,925,926,928,930,937,944,950,950,954,958,963,971,977,980,992,998,998,1004,1032,1045,1054,1069,1076,1091,1101,1124,1147,1172,1183,1196,1202,1213,1232,1258,1273,1286,1296,1303,1311,1337,1363,1377,1390,1405,1411,1420,1438,1460,1474,1485,1496,1501,1511,1521,1546,1568,1576,1595,1605,1615
05974,Soest (Kreis),301785,0,0,0,0,0,0,0,1,7,10,17,17,25,35,49,55,62,73,89,93,110,121,141,156,170,181,197,207,214,225,224,230,235,260,265,283,293,305,310,311,313,315,320,322,325,330,331,331,332,334,334,335,336,339,339,341,342,343,344,344,350,351,351,351,352,352,352,355,355,356,357,357,358,358,359,359,359,359,359,359,359,361,361,361,361,362,362,363,363,363,364,364,364,364,364,364,365,365,365,366,366,371,371,371,372,373,374,376,379,379,379,380,385,385,388,390,390,390,391,391,392,393,394,395,395,396,396,396,396,397,397,397,398,398,400,401,401,401,404,405,405,405,405,405,405,407,407,412,412,413,413,414,415,425,434,443,454,454,454,462,465,466,467,468,468,469,471,474,476,478,482,482,484,485,486,486,486,487,487,488,491,492,492,495,499,499,503,506,507,509,510,514,514,516,516,517,518,519,524,524,524,526,528,531,536,542,542,545,553,561,565,571,578,578,588,597,599,615,640,651,651,664,677,684,700,714,729,729,739,762,771,795,811,837,838,861,887,897,926,957,998,998,1024,1081,1109,1154,1183,1219,1219,1219,1329,1355,1390,1445,1500,1500,1532,1599,1617,1651,1696,1766,1769,1811,1892,1906,1940,1992,2026,2027,2048,2093,2113,2139,2185,2241,2241,2275,2327,2343
05122,Solingen (Kreisfreie Stadt),159245,0,0,0,0,0,0,4,4,5,6,6,19,24,32,33,35,38,38,38,51,60,71,71,71,81,87,91,94,111,117,132,137,141,144,151,160,161,161,161,183,187,193,195,199,207,211,214,214,216,215,217,220,221,221,223,223,225,225,226,226,226,226,227,228,230,230,232,233,233,233,233,237,238,239,241,241,242,242,242,242,242,242,245,245,245,246,251,251,251,253,253,253,254,254,254,254,255,255,256,257,258,259,259,264,266,282,286,288,288,288,289,289,290,290,291,291,291,292,292,292,292,294,295,295,295,295,297,297,300,300,300,312,312,316,316,318,318,322,325,325,326,329,345,345,345,360,368,371,373,374,374,374,386,389,393,399,402,406,406,421,423,428,431,432,432,432,433,433,435,437,445,451,451,454,456,459,463,467,467,467,476,477,483,486,487,487,489,497,498,518,536,545,545,545,560,568,577,587,590,590,590,602,605,610,621,627,627,627,632,639,649,657,668,673,688,708,718,725,736,751,771,800,807,831,863,880,918,946,979,1029,1050,1107,1137,1235,1304,1353,1374,1425,1503,1593,1625,1666,1717,1754,1806,1865,1955,2005,2055,2095,2112,2143,2224,2282,2317,2413,2444,2495,2593,2643,2713,2752,2793,2840,2889,2949,3003,3065,3168,3213,3221,3260,3291,3347,3395,3445,3491,3531,3585,3629
16068,Sömmerda (Landkreis),69427,0,0,0,0,0,0,0,0,0,0,0,0,0,0,0,1,2,3,4,6,8,10,14,20,22,22,22,23,24,27,29,29,29,30,30,31,32,32,32,32,32,32,32,33,34,34,34,34,33,37,37,37,37,37,37,37,37,37,37,37,37,38,38,38,38,38,38,38,38,38,38,38,38,38,38,38,38,38,38,38,38,38,38,38,38,38,38,38,38,38,38,38,38,38,38,38,38,38,38,38,38,38,38,38,38,38,38,38,38,38,38,38,38,38,38,38,38,38,38,38,38,38,38,38,39,39,39,39,39,39,39,40,41,41,42,42,42,42,42,42,42,42,42,42,42,42,43,43,43,44,44,44,44,44,44,44,45,45,45,45,45,47,47,48,48,48,48,48,48,48,48,49,49,50,50,53,54,54,54,54,55,55,55,56,57,57,57,57,57,57,58,58,58,58,60,60,60,60,60,60,60,61,62,62,63,63,63,63,63,63,63,64,65,65,66,66,67,67,68,75,75,78,79,84,91,97,102,106,115,127,128,143,151,162,171,178,178,182,189,197,203,207,216,216,218,228,231,239,239,242,248,252,264,288,296,300,300,330,331,344,359,424,424,424,451,453,472,520,568,568,568,589,591,621,624,650,664,678,685,701
16072,Sonneberg (Landkreis),57717,0,0,0,0,0,0,0,0,0,0,0,0,0,0,0,0,3,5,5,6,9,11,13,16,20,21,23,30,32,34,35,36,36,36,38,41,47,47,49,49,50,53,54,57,58,61,61,62,73,76,80,85,86,88,94,97,106,112,112,114,115,119,122,127,138,146,153,155,158,164,168,170,173,175,185,187,193,200,206,206,208,209,210,216,222,225,244,247,249,253,253,253,253,261,264,266,271,272,274,277,281,284,285,287,288,291,292,292,294,299,299,300,301,301,303,304,304,304,304,304,305,305,305,305,305,305,305,307,307,307,307,307,307,307,307,307,307,307,307,307,307,307,307,307,307,307,307,307,307,308,308,308,308,308,308,308,308,308,308,310,310,310,310,312,312,312,312,312,312,313,313,313,313,314,314,314,314,314,314,314,314,314,314,314,314,314,314,314,314,317,319,319,319,319,320,320,323,323,323,323,323,323,323,323,323,324,324,324,325,325,325,325,325,325,325,325,325,325,325,326,326,326,326,326,326,329,330,330,331,332,332,333,334,334,337,339,342,350,356,363,374,374,374,393,401,409,421,432,448,448,450,453,473,503,524,551,566,570,577,601,618,640,652,682,695,712,747,804,833,864,884,895,904,926,986,1018,1050,1079,1098,1110
07318,Speyer (Kreisfreie Stadt),50561,0,0,0,0,0,0,0,0,0,1,2,2,2,4,5,8,9,9,9,13,17,17,20,22,22,22,30,32,32,38,38,38,38,40,41,44,48,48,48,50,50,53,53,53,54,54,54,58,59,60,63,65,68,68,75,75,81,81,81,81,81,81,81,82,82,82,82,82,83,82,83,84,84,84,84,84,84,84,84,84,84,84,84,84,84,86,86,86,86,86,86,87,87,87,87,87,88,89,90,90,91,91,91,93,94,95,95,95,95,95,95,95,97,97,101,101,101,101,101,105,105,106,106,106,106,106,108,109,109,109,109,110,110,111,111,111,111,111,114,114,114,114,115,115,115,115,115,115,115,115,115,115,115,115,116,116,116,116,120,121,122,123,126,127,127,127,131,134,134,135,135,135,138,140,140,142,142,142,142,142,142,142,142,143,143,143,143,145,145,145,147,147,147,148,151,151,152,152,153,153,153,154,154,157,159,161,161,161,163,163,163,163,168,168,168,172,172,173,173,173,173,173,177,178,179,179,179,179,179,186,188,190,197,205,205,205,216,231,239,241,261,261,272,284,288,299,318,328,328,329,332,346,392,438,465,466,486,522,533,558,572,611,611,634,680,726,745,764,783,789,799,835,864,891,925,956,965,993,1043,1072
12071,Spree-Neiße (Landkreis),113720,0,0,0,0,0,1,2,4,4,5,10,10,10,13,20,23,23,23,23,29,29,31,35,40,40,40,43,44,46,46,49,51,51,51,51,51,51,51,51,51,51,51,51,52,52,52,53,53,54,54,54,57,57,62,63,63,65,63,63,63,63,63,63,63,63,63,63,63,63,63,63,63,63,63,63,63,63,63,63,63,63,63,63,63,63,63,63,63,64,64,64,64,64,64,64,64,64,64,64,64,64,64,64,64,64,64,64,65,65,65,66,66,66,66,66,66,66,66,66,66,66,66,66,66,66,66,66,66,66,66,66,67,67,67,67,67,67,67,67,67,67,67,67,67,67,67,67,67,67,67,67,67,67,67,68,68,68,68,68,68,68,68,68,68,68,68,68,68,68,68,68,68,68,68,68,68,68,68,68,68,68,68,68,68,68,68,68,68,69,69,69,69,69,69,69,69,70,72,72,72,73,73,73,73,73,73,73,73,73,74,74,75,76,79,83,84,88,92,95,100,104,110,111,115,122,130,140,150,158,161,167,179,203,217,233,254,258,262,274,301,342,366,381,396,417,428,448,531,561,595,606,642,676,722,756,796,806,834,862,891,938,992,1001,1075,1081,1105,1129,1196,1233,1264,1293,1307,1319,1397,1419,1483,1534,1598,1622,1631
10046,St. Wendel (Landkreis),87007,0,0,0,0,0,0,0,0,8,8,12,15,17,17,22,32,38,45,50,51,57,62,69,73,81,81,86,96,99,104,104,119,121,122,127,138,145,145,149,150,150,152,155,155,155,155,155,155,157,157,158,159,159,159,160,160,160,160,160,161,161,161,161,161,162,162,162,162,163,163,164,164,164,164,165,165,165,165,165,165,165,165,165,165,165,165,166,166,166,167,167,167,167,167,168,168,169,169,169,169,169,169,169,169,169,170,170,170,170,170,170,170,170,170,170,170,170,170,170,171,171,171,171,171,171,171,171,171,171,171,171,171,171,171,171,171,172,172,171,171,171,171,171,171,171,172,172,173,174,175,175,175,175,176,176,176,176,178,178,178,178,178,179,180,181,181,181,181,181,181,182,182,183,183,183,183,183,184,184,184,184,184,185,185,185,185,185,185,185,186,186,186,186,186,186,186,186,187,187,188,188,187,187,188,188,188,189,189,189,189,190,192,198,199,202,203,207,214,220,235,245,257,283,293,319,345,371,376,389,413,429,441,464,492,501,518,558,577,602,639,660,689,706,720,739,752,779,786,812,824,832,846,867,880,903,918,924,927,941,955,964,989,998,1004,1005,1012,1028,1038,1044,1075,1082,1088,1097,1106,1115,1144,1176,1213,1214,1238
03359,Stade (Landkreis),204512,0,1,1,2,6,11,11,13,14,17,21,21,24,28,33,37,43,58,58,66,73,80,92,103,105,109,115,117,123,127,135,141,152,153,156,160,162,165,170,170,172,173,176,177,177,177,179,177,177,180,182,184,185,185,185,187,188,188,188,190,190,190,190,191,191,191,192,192,193,193,193,193,193,194,194,196,197,199,209,210,211,217,216,216,217,217,217,217,217,217,217,217,219,219,219,219,221,221,221,221,221,221,221,222,222,222,222,222,222,222,222,223,223,223,224,225,225,225,225,225,227,228,228,228,228,228,228,228,228,228,228,228,228,228,228,229,230,230,230,230,231,231,232,232,232,232,232,233,234,236,236,238,238,238,239,239,240,240,240,240,241,241,245,246,248,249,256,256,260,265,266,266,266,269,271,274,278,280,284,284,286,286,288,295,304,304,309,309,309,313,316,320,326,326,328,332,332,335,337,337,337,343,345,350,351,358,359,359,364,364,369,369,371,372,372,377,380,382,384,386,387,387,389,394,394,395,401,405,405,418,423,433,441,454,462,462,474,476,489,501,528,551,558,574,589,602,625,650,650,650,690,702,722,743,775,779,779,807,817,828,835,860,860,860,879,926,954,982,1007,1018,1018,1018,1041,1058,1084,1108,1170,1170,1170,1194
05334,Städteregion Aachen (Kreis),557026,24,33,41,51,51,58,61,63,70,85,100,155,169,211,273,334,405,443,516,530,540,618,694,746,787,824,863,920,980,1081,1155,1213,1259,1272,1295,1367,1426,1465,1508,1532,1547,1557,1583,1623,1650,1669,1693,1707,1719,1754,1797,1812,1824,1835,1839,1845,1853,1866,1891,1891,1891,1885,1890,1895,1903,1909,1909,1909,1924,1929,1934,1941,1945,1947,1951,1951,1952,1958,1958,1960,1960,1960,1960,1960,1962,1964,1967,1967,1967,1971,1971,1972,1975,1976,1977,1979,1979,1979,1980,1980,1982,1982,1982,1982,1982,1985,1985,1991,1991,1991,1994,1994,1997,1997,1999,1999,1999,2001,2001,2004,2004,2009,2009,2009,2010,2010,2010,2010,2011,2011,2011,2021,2021,2025,2025,2030,2030,2030,2037,2037,2044,2044,2058,2058,2058,2067,2067,2076,2076,2095,2095,2095,2108,2108,2139,2139,2157,2157,2157,2170,2170,2181,2181,2212,2212,2212,2232,2248,2261,2274,2281,2281,2281,2311,2311,2324,2333,2348,2348,2348,2353,2363,2370,2378,2384,2384,2384,2389,2393,2400,2412,2429,2429,2429,2459,2477,2503,2522,2550,2550,2550,2568,2584,2600,2621,2643,2643,2643,2707,2718,2734,2776,2812,2812,2812,2883,2891,2936,2988,3067,3067,3067,3167,3188,3257,3393,3509,3510,3510,3778,3816,3912,4103,4288,4303,4304,4889,4969,5082,5316,5612,5612,5612,6061,6153,6278,6519,6748,6764,6765,7273,7426,7658,7871,8211,8390,8390,8681,8728,8920,9179,9311,9311,9311,9565,9676,9827,9867,10038,10038,10038,10289,10316,10460,10605,10764,11002,11002,11053,11080
09188,Starnberg (Landkreis),136667,11,12,12,13,14,14,18,20,28,35,35,42,47,50,50,62,69,83,97,110,153,210,223,233,262,270,297,302,354,371,385,403,408,417,422,431,441,456,465,467,469,478,483,489,495,497,499,502,506,507,510,517,520,520,520,521,523,525,525,526,525,525,525,527,529,529,529,529,529,529,529,533,534,534,534,534,534,534,535,535,536,537,537,544,544,544,547,548,553,553,554,554,556,557,558,558,558,558,558,558,558,558,558,558,558,558,559,559,559,559,559,559,559,560,560,573,575,575,590,592,594,596,604,605,605,607,609,612,614,614,614,614,615,615,617,617,617,617,618,623,624,624,624,624,624,626,626,627,630,631,631,631,631,633,634,634,635,635,635,635,635,636,638,641,642,646,646,654,659,664,668,672,676,678,681,686,691,697,699,699,700,701,711,714,718,720,723,723,725,733,741,746,753,755,758,761,769,775,778,783,787,790,793,798,801,805,807,808,810,813,817,820,822,825,827,828,833,836,853,859,868,870,880,883,896,911,924,935,945,950,962,980,1000,1016,1030,1042,1062,1075,1108,1121,1144,1162,1189,1214,1239,1279,1278,1317,1333,1373,1388,1416,1468,1503,1527,1552,1574,1576,1590,1620,1652,1670,1687,1700,1717,1730,1764,1788,1804,1820,1837,1850,1864,1901,1933,1960,1978,1989,2002,2032
01061,Steinburg (Kreis),131013,0,0,0,0,0,0,0,0,0,2,2,4,4,4,4,8,8,13,13,13,20,21,23,28,36,36,36,40,43,51,53,53,53,62,62,66,70,72,74,74,74,74,73,76,76,77,77,79,79,79,83,83,82,82,82,82,82,82,84,84,132,132,132,136,136,164,166,168,165,166,166,171,171,171,171,171,171,171,171,171,171,171,174,174,175,178,178,178,178,178,178,178,178,178,178,178,179,179,179,180,180,180,180,181,181,181,181,182,182,182,182,182,182,182,182,182,182,182,183,183,183,183,183,189,189,188,188,188,188,188,188,189,189,189,189,189,189,189,189,189,189,189,189,189,189,189,189,189,189,189,189,189,189,190,190,190,190,190,190,190,190,194,195,195,195,195,195,195,196,196,197,197,197,198,198,199,199,199,199,199,200,200,200,200,201,201,201,201,201,201,201,201,202,202,202,202,202,204,204,204,204,206,207,209,211,212,212,212,217,222,227,227,227,227,227,232,233,235,238,238,238,238,240,243,246,250,252,252,252,256,256,258,262,267,267,267,274,283,288,290,295,299,301,302,308,313,313,326,330,332,341,346,356,361,365,365,370,370,379,388,390,396,405,405,413,420,422,429,434,438,439,442,445,451,455,461,466,468,472,481
05566,Steinfurt (Kreis),448220,0,0,0,0,0,2,5,11,26,37,49,64,82,95,124,151,167,191,201,222,244,269,292,338,362,392,395,430,469,528,573,631,664,702,746,806,851,900,951,960,983,1005,1007,1032,1052,1071,1093,1106,1117,1130,1156,1170,1179,1191,1202,1202,1217,1215,1231,1234,1240,1240,1249,1258,1270,1280,1289,1289,1292,1293,1300,1304,1305,1316,1310,1311,1313,1313,1313,1319,1319,1317,1317,1315,1315,1315,1319,1319,1319,1320,1322,1322,1323,1323,1323,1326,1326,1327,1329,1329,1330,1330,1336,1337,1339,1340,1342,1342,1342,1342,1342,1342,1342,1343,1343,1343,1343,1343,1343,1345,1347,1348,1348,1348,1351,1352,1355,1355,1355,1355,1355,1357,1357,1360,1360,1361,1361,1361,1363,1364,1368,1370,1373,1373,1373,1376,1377,1385,1399,1405,1405,1405,1420,1425,1434,1444,1459,1459,1481,1479,1485,1495,1498,1512,1512,1512,1525,1534,1538,1544,1553,1570,1571,1557,1562,1567,1567,1571,1571,1571,1582,1584,1585,1587,1588,1591,1595,1603,1610,1613,1617,1625,1625,1625,1653,1654,1660,1670,1677,1677,1682,1699,1702,1705,1737,1745,1745,1795,1820,1831,1845,1852,1866,1866,1875,1888,1891,1896,1918,1943,1952,1981,2020,2037,2048,2068,2091,2093,2108,2136,2185,2212,2256,2281,2307,2372,2451,2507,2571,2641,2737,2809,2929,2988,3089,3170,3250,3361,3419,3475,3504,3606,3698,3803,3913,4068,4123,4161,4247,4300,4396,4481,4561,4619,4638,4688,4748,4831,4911,4992,5016,5051,5090,5172,5248,5318,5397,5444,5491,5571
15090,Stendal (Landkreis),111190,0,0,0,0,0,0,0,0,0,0,0,1,1,5,5,7,10,10,10,17,17,21,24,33,39,51,52,55,59,62,63,63,64,66,66,66,69,70,71,74,75,75,77,80,81,82,85,85,85,89,90,93,94,97,97,97,100,102,104,104,104,105,105,106,106,106,106,106,106,106,106,106,106,106,106,106,106,107,107,107,107,107,107,107,107,107,107,107,107,107,107,107,107,107,107,107,107,107,107,107,107,107,107,107,107,107,107,107,107,107,107,107,107,107,107,107,107,107,107,107,107,107,107,107,107,107,107,107,107,107,107,108,108,108,109,109,109,109,109,109,109,109,109,109,109,109,109,109,109,109,109,109,109,109,109,109,109,109,109,110,110,110,110,110,110,110,112,112,113,113,113,113,113,113,113,113,113,113,113,113,113,113,113,113,113,113,113,115,115,118,119,119,119,119,119,120,120,120,120,120,120,120,121,122,122,122,122,122,122,122,124,124,125,125,125,128,128,129,129,130,130,130,130,132,139,144,144,144,144,146,146,146,148,153,153,157,160,166,184,189,198,200,207,235,239,240,256,264,267,267,283,283,289,292,303,305,309,311,311,320,332,338,345,361,365,366,366,401,413,416,435,453,460,484,501,540,565,572,605,624
01062,Stormarn (Kreis),244156,1,1,1,1,1,1,1,1,1,1,1,1,8,8,17,21,29,43,52,60,68,79,88,95,113,120,132,147,155,161,175,185,195,199,209,215,222,233,238,238,289,315,316,332,337,348,348,355,360,366,376,383,386,389,390,391,395,397,399,401,401,401,401,401,404,404,405,407,407,408,408,408,408,408,408,408,413,413,413,415,415,415,415,415,417,417,417,418,418,418,418,418,418,418,418,418,419,419,419,419,419,419,419,419,420,420,420,420,420,420,420,420,420,420,422,422,422,424,424,424,426,426,426,426,427,429,432,432,433,433,433,433,433,433,433,433,433,433,433,433,434,434,435,435,435,437,439,444,449,454,454,454,467,471,472,477,478,478,478,483,489,490,498,500,500,500,508,512,515,516,517,517,517,522,527,527,531,532,532,532,536,539,545,548,549,549,549,553,555,559,563,563,563,563,566,570,572,579,588,588,588,595,602,611,619,627,627,627,637,645,652,659,663,663,663,670,679,684,690,694,694,694,708,714,724,737,751,751,751,777,785,817,845,868,868,868,908,944,979,993,1024,1053,1066,1076,1099,1141,1163,1204,1233,1253,1270,1307,1337,1376,1412,1420,1442,1453,1483,1520,1549,1595,1611,1613,1617,1645,1673,1697,1729,1744,1752,1758,1790,1818,1854,1898,1934,1934,1953,1996
09263,Straubing (Kreisfreie Stadt),47791,0,0,0,0,0,0,0,1,2,3,4,6,6,8,13,20,27,38,41,41,43,49,58,68,69,78,85,101,119,133,152,167,167,168,186,200,214,222,228,228,234,235,271,281,288,293,299,303,307,337,355,355,356,358,361,364,368,370,375,376,376,379,380,384,386,387,388,388,388,391,396,410,414,414,414,416,417,417,417,417,417,417,419,423,424,425,425,425,425,425,425,425,425,426,426,426,426,426,426,426,426,426,426,426,426,426,427,428,428,428,428,428,428,428,428,428,428,428,428,429,429,429,430,430,430,433,435,434,435,435,435,438,438,439,442,442,442,442,442,445,445,445,445,445,445,445,445,446,446,446,446,446,446,446,446,446,447,447,447,447,447,448,448,449,452,452,455,455,456,459,460,461,461,465,467,468,471,473,475,475,479,481,481,482,483,483,483,486,486,485,485,484,484,484,484,484,486,488,488,491,491,491,491,492,495,495,497,497,499,500,501,502,502,503,503,503,504,504,505,505,505,507,507,508,510,511,512,519,527,532,536,540,549,559,562,569,578,583,585,593,607,613,624,629,632,632,651,664,678,690,703,710,713,729,737,743,747,754,754,760,771,783,795,803,809,812,826,841,851,866,874,883,886,887,897,916,935,946,952,954
09278,Straubing-Bogen (Landkreis),101120,0,0,0,0,0,1,1,1,1,2,2,3,4,9,13,19,28,36,43,44,46,56,58,70,75,83,94,127,150,169,196,217,221,223,251,267,284,289,296,296,299,299,305,326,342,352,354,355,369,386,420,423,424,425,432,435,436,442,450,452,452,455,459,460,464,466,467,467,473,480,484,519,522,522,522,522,526,532,532,532,532,532,535,535,537,539,540,540,544,544,545,547,547,547,547,547,547,547,547,547,547,547,547,547,547,548,548,548,548,548,548,548,552,552,553,553,553,553,553,553,553,554,554,554,554,555,555,555,558,558,558,559,561,561,560,560,560,560,560,560,561,561,562,563,563,563,563,564,564,565,565,565,566,566,566,566,566,566,566,567,566,570,570,570,570,570,572,572,573,573,576,577,577,577,577,577,577,580,581,581,586,586,586,587,588,589,589,593,595,595,595,594,597,597,601,601,604,611,612,614,615,616,616,617,617,617,621,621,622,627,627,629,632,633,633,633,633,634,637,639,640,642,642,642,645,653,656,661,669,672,672,679,691,709,721,737,753,758,761,776,786,796,813,833,844,850,877,902,926,953,1014,1030,1038,1066,1089,1131,1157,1169,1173,1222,1312,1348,1377,1401,1422,1433,1490,1508,1568,1600,1646,1666,1673,1675,1767,1794,1825,1849,1860,1870
08111,Stuttgart (Stadtkreis),635911,2,3,4,8,9,10,19,27,35,55,80,150,284,284,284,324,341,341,430,441,451,504,565,635,685,708,788,864,908,940,983,1006,1024,1024,1075,1090,1159,1172,1189,1213,1249,1257,1280,1303,1310,1326,1326,1349,1352,1365,1389,1389,1393,1410,1413,1413,1420,1439,1439,1448,1453,1452,1454,1456,1465,1467,1474,1474,1480,1491,1511,1516,1522,1531,1533,1534,1539,1547,1554,1557,1563,1565,1568,1575,1580,1580,1586,1587,1587,1587,1587,1589,1590,1593,1593,1593,1603,1607,1608,1608,1609,1609,1609,1612,1617,1621,1625,1625,1625,1625,1634,1636,1636,1637,1643,1643,1643,1648,1649,1654,1654,1656,1656,1656,1665,1665,1666,1675,1676,1676,1676,1695,1700,1707,1715,1722,1722,1722,1738,1745,1750,1751,1752,1752,1752,1759,1761,1761,1769,1772,1772,1772,1785,1786,1794,1802,1813,1813,1813,1829,1832,1847,1847,1861,1861,1861,1880,1908,1944,1967,1991,1991,1991,2030,2048,2074,2088,2147,2147,2147,2197,2219,2237,2264,2279,2279,2279,2341,2364,2404,2434,2439,2450,2450,2489,2511,2543,2578,2629,2639,2639,2679,2700,2722,2761,2791,2799,2799,2869,2884,2897,2946,2986,3022,3022,3072,3085,3192,3259,3299,3381,3423,3527,3610,3691,3816,3906,3906,3993,4094,4181,4315,4438,4604,4743,4842,4903,5071,5233,5367,5553,5731,5790,5907,6094,6302,6528,6754,6863,6913,7010,7282,7523,7714,7946,8043,8088,8247,8406,8622,8816,8950,9128,9199,9199,9616,9857,10020,10246,10364,10487,10626,10742,10874,11056,11267,11386,11430,11505,11686
07337,Südliche Weinstraße (Landkreis),110521,0,0,0,0,0,0,0,1,1,1,1,1,9,19,21,28,28,33,34,34,39,39,47,60,66,74,79,85,95,105,111,115,115,120,122,124,126,131,131,131,132,132,134,138,138,141,145,145,139,141,142,142,142,144,143,143,144,146,146,146,146,147,148,148,148,148,148,148,148,148,148,148,148,148,148,148,148,148,148,148,148,148,149,149,149,149,149,149,149,149,149,149,149,149,149,149,149,149,149,149,149,149,149,149,149,149,151,152,152,152,152,152,152,152,152,152,152,152,152,152,152,152,152,152,152,152,152,152,152,152,152,152,152,152,152,152,152,152,152,152,152,153,154,154,154,154,154,154,154,154,154,154,154,154,157,157,157,157,157,160,160,160,163,163,163,163,166,166,168,169,169,169,169,170,170,170,170,170,170,170,170,170,170,170,170,170,170,176,176,176,176,178,178,178,179,180,180,181,183,183,183,186,186,187,191,192,192,192,192,192,192,194,194,194,194,198,198,200,204,204,204,204,208,209,210,216,219,219,219,233,236,252,264,280,280,280,304,323,341,350,376,376,376,418,430,444,458,477,477,477,551,577,599,648,668,668,668,697,710,727,739,749,749,749,779,820,843,860,883,883,883,916,925,957,971,989,989,989,1034,1055
07340,Südwestpfalz (Landkreis),94831,0,0,0,0,0,0,0,0,0,0,0,0,1,3,3,6,11,12,16,17,20,24,30,33,38,41,46,49,55,60,68,76,75,76,78,79,81,81,92,92,94,94,95,97,98,99,99,99,99,100,100,100,101,101,101,101,101,102,102,102,102,102,102,104,104,104,104,104,105,104,104,104,104,104,104,104,104,104,104,104,104,104,104,104,105,104,104,104,104,104,104,104,104,104,104,104,104,104,104,104,104,104,104,104,104,104,104,104,104,104,104,104,104,104,104,104,104,104,104,104,104,104,104,104,104,104,105,106,106,112,112,112,113,114,117,117,117,117,117,117,120,120,120,120,120,120,120,120,120,120,120,120,120,120,120,120,122,122,122,123,123,123,127,127,127,127,128,132,132,133,133,133,133,133,134,134,138,138,138,138,141,139,139,141,142,142,142,142,142,143,144,143,143,143,143,143,144,144,144,144,144,145,145,145,145,145,145,145,146,146,147,146,147,147,147,147,148,148,148,148,148,148,148,155,159,161,164,164,185,188,199,210,217,224,232,235,237,242,250,266,280,296,304,309,316,348,366,380,394,403,417,424,438,453,472,501,508,511,516,531,547,581,593,610,613,621,659,676,697,703,719,723,730,738,758,776,795,804,808,812
16054,Suhl (Kreisfreie Stadt),36789,0,0,0,0,0,0,0,0,0,0,1,1,1,1,1,1,1,4,4,4,4,5,5,5,5,6,6,7,7,7,7,9,10,10,11,11,11,11,11,11,11,11,11,11,11,12,12,12,13,13,13,13,13,13,13,13,13,13,13,13,13,13,13,13,13,13,13,13,13,13,13,13,14,15,15,15,15,16,16,16,17,17,17,17,18,18,19,19,19,19,19,19,19,19,19,19,19,19,19,20,20,20,20,20,20,20,20,20,20,20,20,20,20,20,20,20,20,20,20,20,21,21,21,21,21,21,21,21,21,21,21,21,21,21,21,21,21,21,21,21,21,21,21,21,21,21,21,21,21,21,21,21,21,21,21,21,21,21,21,21,21,21,22,23,23,25,26,26,26,26,26,29,29,29,29,29,29,29,29,30,30,30,30,30,30,31,31,31,31,31,31,31,31,33,33,33,33,33,33,33,33,33,33,33,33,33,33,33,33,33,33,33,33,33,33,33,33,34,36,36,37,37,37,37,37,39,39,39,40,40,41,42,43,49,50,50,52,52,57,59,66,67,67,72,72,74,77,83,84,86,91,92,100,103,105,105,108,114,114,118,121,121,121,121,123,124,133,142,147,154,156,158,162,175,180,193,220,226,232,232
12072,Teltow-Fläming (Landkreis),169997,0,0,0,0,0,1,1,1,1,2,2,6,6,10,11,12,13,20,23,23,23,27,38,40,42,43,43,50,56,59,67,67,70,71,75,83,88,90,91,91,92,94,99,101,102,105,106,110,110,117,120,122,123,123,124,125,129,130,130,131,131,134,136,136,141,141,145,146,146,146,146,147,147,147,147,147,147,148,148,148,148,148,148,148,148,148,148,148,148,149,149,148,148,148,148,148,148,148,148,148,148,148,148,148,151,152,153,153,157,163,164,164,165,170,171,171,171,172,172,175,176,177,177,177,178,178,178,179,181,181,181,181,181,182,182,182,183,183,184,184,184,184,185,184,185,185,185,187,189,190,190,190,191,191,192,193,194,194,195,196,196,198,202,204,205,205,206,206,210,213,216,216,223,226,226,233,236,236,236,236,236,236,237,237,238,239,240,240,240,241,242,242,243,243,245,245,245,247,247,248,251,256,257,260,264,266,268,270,271,272,278,278,284,285,286,287,289,294,298,308,314,321,327,329,334,344,356,363,369,377,381,403,417,417,445,454,465,465,485,511,536,569,593,593,597,629,640,678,704,754,764,777,824,843,869,961,961,970,981,1024,1046,1082,1144,1167,1188,1201,1213,1257,1308,1357,1377,1394,1412,1439,1468,1498,1551,1586,1616,1616
09377,Tirschenreuth (Landkreis),72046,0,0,0,0,0,0,0,1,3,5,10,17,30,40,47,47,77,77,182,182,202,236,259,323,397,398,454,504,579,665,702,762,762,814,873,895,926,926,955,955,956,993,1018,1026,1038,1053,1053,1062,1068,1082,1083,1099,1099,1099,1101,1106,1108,1113,1113,1113,1113,1118,1118,1118,1120,1121,1121,1121,1122,1125,1125,1125,1126,1126,1126,1129,1134,1136,1136,1136,1136,1137,1137,1136,1137,1137,1137,1137,1137,1137,1137,1137,1137,1137,1137,1137,1137,1140,1140,1140,1140,1140,1140,1140,1141,1141,1141,1140,1140,1140,1140,1140,1138,1138,1138,1138,1138,1138,1138,1138,1138,1138,1138,1138,1138,1138,1138,1140,1140,1140,1140,1140,1140,1140,1140,1139,1139,1139,1139,1139,1139,1139,1139,1139,1139,1139,1139,1139,1140,1140,1140,1140,1140,1140,1140,1140,1140,1140,1140,1140,1140,1140,1140,1140,1140,1140,1142,1142,1142,1142,1142,1142,1142,1145,1145,1145,1149,1150,1150,1150,1150,1154,1155,1157,1161,1161,1161,1165,1165,1165,1165,1165,1168,1168,1175,1176,1180,1183,1185,1186,1186,1187,1189,1191,1191,1201,1201,1201,1201,1210,1211,1213,1216,1223,1223,1223,1230,1231,1240,1247,1247,1253,1257,1258,1269,1281,1286,1286,1290,1294,1295,1332,1335,1341,1341,1342,1349,1368,1377,1387,1392,1396,1401,1411,1421,1452,1472,1502,1515,1541,1547,1570,1581,1597,1609,1612,1622,1625,1641,1654,1699,1715,1717,1727,1743,1756,1778,1793,1807,1810,1820,1835,1853,1871,1892,1913,1931,1939,1944,1965
09189,Traunstein (Landkreis),177319,3,3,3,3,3,4,4,4,8,8,8,10,13,13,19,20,34,50,63,80,86,120,145,158,199,222,251,271,315,347,385,455,466,491,519,566,646,715,724,724,734,771,794,842,887,908,924,936,959,987,1015,1035,1064,1064,1096,1124,1147,1187,1199,1200,1203,1209,1210,1228,1251,1261,1266,1266,1271,1271,1271,1275,1276,1278,1278,1278,1281,1286,1286,1291,1292,1294,1296,1298,1304,1307,1309,1314,1318,1318,1318,1319,1319,1321,1322,1322,1323,1324,1325,1325,1326,1326,1326,1326,1326,1326,1328,1328,1328,1328,1330,1331,1331,1331,1331,1331,1331,1331,1331,1331,1306,1306,1306,1306,1306,1306,1306,1306,1306,1306,1306,1307,1307,1307,1307,1308,1308,1308,1310,1310,1314,1314,1314,1314,1314,1314,1314,1315,1316,1316,1316,1316,1317,1318,1318,1320,1320,1320,1320,1324,1324,1325,1326,1326,1326,1326,1330,1335,1337,1340,1344,1344,1346,1356,1361,1368,1373,1376,1379,1379,1383,1385,1389,1392,1397,1400,1400,1405,1407,1413,1415,1417,1417,1417,1418,1422,1425,1425,1427,1429,1430,1433,1433,1436,1438,1438,1438,1439,1439,1441,1441,1445,1450,1450,1455,1472,1477,1484,1495,1503,1504,1506,1511,1512,1525,1543,1554,1554,1564,1576,1588,1628,1655,1680,1681,1759,1777,1807,1860,1900,1950,1954,1970,2023,2125,2235,2300,2400,2414,2513,2731,2790,2955,3076,3165,3172,3242,3320,3392,3491,3568,3654,3656,3721,3782,3834,3929,3974,4031,4032,4083,4114,4165,4244,4313,4374,4374,4374,4562,4619
07211,Trier (Kreisfreie Stadt),111528,0,0,0,0,0,0,0,0,0,3,3,6,7,10,10,12,13,14,16,20,26,26,29,34,47,47,57,59,63,69,69,71,73,73,81,82,84,84,84,84,89,89,89,91,92,92,93,93,93,93,93,93,95,95,95,95,97,97,99,99,99,99,99,99,99,100,100,100,100,100,100,100,101,101,101,101,101,101,101,102,102,102,102,102,102,102,102,102,102,102,102,102,102,102,102,102,102,102,102,102,102,102,102,102,102,102,103,103,103,103,103,103,103,103,103,103,103,104,104,104,104,104,104,105,105,105,105,106,106,106,106,114,117,117,120,120,120,120,124,125,124,124,124,124,124,124,124,125,125,128,128,128,130,130,132,135,135,135,136,136,136,136,136,143,143,148,152,154,157,158,158,158,158,161,162,162,162,163,165,166,165,166,167,170,170,170,174,179,179,181,185,188,189,189,189,189,191,195,197,198,199,201,202,203,206,206,207,207,207,207,211,213,217,221,224,225,225,237,240,246,249,255,255,258,262,266,270,278,282,283,291,310,322,343,379,381,404,427,452,472,496,523,530,535,554,583,605,628,653,665,672,682,695,704,723,733,747,756,766,780,800,811,826,828,832,847,856,870,883,893,895,903,919,931,944,957,965,973,984,996
07235,Trier-Saarburg (Landkreis),149398,0,0,0,0,0,0,0,0,0,0,0,8,8,12,15,19,20,28,31,33,39,40,45,49,57,57,76,82,88,92,93,102,105,111,121,127,128,130,133,133,139,150,154,159,163,163,163,165,165,168,172,172,173,173,174,174,179,182,185,187,187,187,191,191,191,192,192,192,193,193,193,193,193,193,193,194,195,195,195,195,195,195,195,195,195,195,195,195,195,195,195,195,195,195,196,196,196,196,196,196,198,198,198,198,198,198,198,200,200,200,201,201,203,203,203,203,203,203,204,204,204,205,205,205,205,206,206,207,208,208,208,214,221,221,227,227,227,227,232,233,233,234,234,234,234,237,239,240,240,244,244,244,247,247,247,257,257,258,258,259,260,260,261,263,263,265,267,268,269,272,276,276,278,277,278,279,279,287,309,335,336,340,342,342,342,342,348,360,362,362,362,371,372,372,372,374,374,375,377,378,379,381,381,384,386,392,393,393,393,397,399,403,407,411,414,414,415,426,426,429,429,441,443,449,454,462,469,481,482,487,495,519,533,552,564,576,586,610,631,687,711,755,763,789,807,862,891,923,950,966,970,984,1011,1032,1052,1065,1073,1081,1095,1115,1146,1176,1199,1213,1252,1261,1284,1303,1340,1356,1384,1397,1420,1447,1482,1542,1561,1571,1588,1603
08416,Tübingen (Landkreis),228678,2,2,2,2,2,3,5,5,16,35,43,70,80,101,113,126,144,144,144,191,300,479,524,591,650,671,702,760,807,807,902,939,980,990,1031,1069,1076,1086,1105,1113,1122,1134,1147,1152,1163,1171,1172,1183,1194,1197,1207,1212,1215,1217,1219,1223,1225,1229,1229,1234,1234,1237,1240,1242,1244,1248,1248,1248,1251,1260,1263,1268,1270,1272,1273,1273,1276,1277,1279,1281,1281,1283,1284,1287,1287,1287,1289,1289,1290,1290,1290,1291,1291,1291,1292,1292,1292,1292,1292,1293,1294,1294,1294,1294,1294,1294,1294,1294,1294,1294,1294,1294,1294,1294,1294,1294,1294,1294,1296,1297,1298,1298,1298,1298,1298,1298,1298,1298,1298,1298,1298,1298,1298,1298,1298,1298,1298,1298,1298,1298,1298,1299,1300,1300,1300,1301,1301,1301,1301,1304,1304,1304,1304,1305,1305,1305,1305,1305,1305,1307,1308,1309,1312,1314,1314,1314,1321,1323,1326,1329,1335,1335,1335,1350,1355,1363,1372,1376,1380,1387,1392,1399,1408,1415,1420,1426,1431,1439,1444,1451,1466,1472,1475,1479,1479,1486,1491,1493,1494,1498,1504,1507,1510,1514,1523,1527,1533,1537,1538,1544,1553,1560,1563,1569,1572,1574,1583,1593,1603,1623,1632,1646,1679,1695,1708,1754,1777,1786,1809,1824,1841,1864,1903,1936,1967,2008,2041,2092,2137,2205,2254,2298,2332,2374,2419,2479,2520,2589,2643,2675,2685,2720,2770,2803,2852,2887,2894,2933,2957,3002,3034,3070,3106,3129,3138,3178,3206,3235,3273,3308,3323,3338,3362,3418,3448,3502,3546,3573,3597,3675
08327,Tuttlingen (Landkreis),140766,0,0,0,0,0,0,0,0,0,3,4,5,5,7,7,10,13,13,15,15,32,40,74,85,111,137,163,181,193,212,253,286,299,318,322,336,349,357,368,368,372,379,388,401,407,410,411,417,417,424,432,435,435,477,470,472,474,468,477,480,483,483,484,487,491,491,492,492,495,495,495,497,497,497,497,497,497,498,498,499,499,499,499,499,500,502,502,502,502,502,502,502,503,504,504,504,504,504,504,504,505,505,505,505,505,505,505,505,505,505,508,508,509,509,510,510,510,515,515,516,516,516,516,516,517,518,518,518,518,518,518,519,519,519,519,521,521,521,521,521,522,523,524,524,524,525,525,526,526,526,526,526,526,526,526,526,526,526,526,526,526,527,528,528,528,528,530,535,541,544,544,546,546,549,550,556,560,564,565,565,566,570,574,580,581,584,584,585,585,586,588,589,589,591,592,593,595,596,598,599,599,600,601,604,605,606,607,608,609,610,612,618,620,623,624,624,625,642,657,667,674,675,687,689,693,706,721,722,735,755,758,761,771,791,806,821,828,840,857,875,892,905,915,939,963,980,1006,1041,1073,1092,1099,1123,1146,1180,1259,1272,1308,1357,1391,1437,1508,1592,1614,1629,1699,1753,1809,1897,1925,1963,2004,2011,2040,2106,2169,2200,2219,2274,2306,2353
12073,Uckermark (Landkreis),118947,0,0,0,0,0,0,0,0,0,0,0,0,0,0,1,4,4,4,4,4,5,5,5,8,9,13,10,18,18,21,22,22,22,22,23,24,24,24,26,26,26,29,29,29,29,29,31,32,32,35,35,35,35,35,35,35,35,36,36,36,36,36,36,36,36,36,36,36,36,36,36,36,36,36,36,36,36,36,36,36,36,36,36,36,37,37,37,37,37,37,37,37,37,37,37,37,37,37,37,37,37,37,37,37,40,40,41,43,44,44,44,44,44,44,44,44,44,44,44,44,45,45,45,45,45,45,45,45,45,45,45,45,45,45,45,45,45,45,45,45,45,45,45,45,45,45,45,45,45,45,45,45,45,45,46,46,46,46,46,46,46,46,47,47,47,47,47,47,47,47,47,47,47,47,47,47,47,47,47,47,47,48,48,48,48,49,49,49,49,50,50,50,50,50,50,50,50,50,50,50,50,51,51,51,51,51,51,51,52,52,52,52,53,53,53,53,53,53,53,61,65,65,66,67,67,68,68,73,73,73,73,80,86,94,100,104,104,113,130,137,157,166,179,179,191,201,212,270,270,270,270,270,283,294,310,321,321,330,341,352,352,373,386,409,426,461,486,505,527,547,547,547,578,601,628,646,675,675,676,700
03360,Uelzen (Landkreis),92389,0,0,0,0,0,0,0,1,1,1,1,1,1,1,3,3,5,7,7,11,12,15,16,19,23,24,25,25,26,26,27,28,29,29,29,31,33,33,33,34,34,34,34,39,41,41,41,41,41,42,42,43,43,43,43,43,43,43,43,43,43,43,43,43,43,43,43,43,43,43,43,43,43,43,43,43,43,43,43,43,43,43,43,43,43,43,43,43,43,43,43,43,43,43,43,43,44,44,44,44,44,44,44,44,44,44,44,44,44,44,44,44,44,44,44,44,44,44,44,44,44,44,44,44,44,44,44,44,44,44,44,44,44,44,44,45,45,57,57,59,60,60,60,60,64,64,64,65,67,72,72,72,72,72,72,72,72,72,72,72,72,72,72,72,72,73,73,76,78,79,79,79,79,81,83,83,83,84,84,84,85,88,89,89,89,89,89,89,89,89,90,90,90,90,93,93,94,94,94,95,95,95,96,96,96,96,96,96,96,96,97,98,98,98,98,99,99,100,100,104,104,105,105,105,107,107,108,108,108,108,112,112,112,116,116,116,116,120,123,134,138,139,143,144,146,158,159,179,182,186,186,201,205,211,228,231,233,235,248,306,316,332,343,345,345,348,355,356,363,368,369,369,381,384,387,390,397,397,397,398
08421,Ulm (Stadtkreis),126790,4,4,4,4,4,5,6,6,6,9,9,12,13,19,33,46,50,50,60,62,78,94,100,105,105,116,123,137,146,163,169,183,183,196,199,202,206,213,215,220,220,221,222,222,225,226,227,229,229,234,238,244,251,252,252,254,255,257,257,256,256,258,261,261,261,261,261,261,261,261,262,262,265,265,265,271,274,275,275,276,276,276,277,279,279,281,281,281,281,281,282,283,285,285,285,285,285,283,286,286,287,287,287,286,286,287,287,287,287,287,286,286,286,286,286,286,286,286,286,286,287,288,288,288,288,289,292,292,292,292,292,293,293,293,293,295,295,295,302,302,304,311,320,320,320,327,327,331,332,334,334,334,339,340,344,348,349,349,349,355,357,362,367,372,372,372,378,381,390,395,401,401,401,418,431,436,441,443,443,443,456,459,470,473,486,486,486,498,504,510,518,527,527,527,543,547,558,564,567,567,567,574,577,584,587,590,590,590,600,602,605,611,614,614,614,621,631,639,644,651,651,651,667,671,677,692,711,711,721,733,762,784,799,831,857,866,884,906,936,956,1000,1009,1032,1054,1076,1111,1140,1185,1204,1221,1234,1268,1313,1356,1425,1445,1475,1494,1531,1546,1578,1657,1671,1694,1703,1730,1766,1824,1871,1894,1917,1934,1957,1989,2040,2101,2142,2160,2172,2202
05978,Unna (Kreis),394891,1,1,1,1,1,1,4,6,14,15,17,19,20,25,51,61,83,93,98,108,124,146,162,171,185,189,200,235,255,282,306,331,365,377,403,418,438,438,438,477,490,495,522,532,546,552,555,556,560,566,577,581,589,590,593,598,606,613,620,622,625,629,634,638,643,646,648,648,649,650,650,650,651,656,657,658,663,665,665,665,665,672,673,672,667,667,668,668,668,670,671,675,675,676,676,679,680,681,683,683,688,688,697,701,704,708,721,724,724,724,733,738,745,754,757,757,757,764,767,769,770,772,772,772,776,778,779,780,781,781,781,791,793,797,798,801,801,804,805,807,807,811,828,831,831,844,855,867,879,886,886,886,915,930,947,958,968,968,968,1001,1027,1053,1066,1076,1076,1076,1091,1095,1096,1104,1106,1109,1117,1119,1130,1132,1137,1143,1143,1143,1163,1169,1173,1175,1176,1176,1176,1184,1188,1188,1192,1196,1196,1196,1203,1209,1217,1221,1230,1230,1242,1243,1252,1265,1275,1282,1282,1282,1305,1318,1343,1366,1397,1397,1402,1449,1480,1505,1570,1609,1609,1630,1728,1756,1839,1889,1960,1960,1960,2091,2144,2198,2298,2366,2366,2366,2561,2610,2712,2866,2981,2981,3071,3257,3406,3550,3732,3862,3862,3862,4118,4203,4328,4504,4629,4629,4656,4884,5010,5178,5328,5410,5410,5410,5711,5790,5998,6132,6275,6275,6300,6479,6681,6814,6934,7071,7071,7071,7319,7477
16064,Unstrut-Hainich-Kreis (Landkreis),102232,0,0,0,0,0,0,0,0,0,0,0,0,1,2,2,5,5,5,5,6,7,8,10,10,10,11,15,18,21,25,31,35,35,35,40,43,45,47,51,52,52,53,54,58,61,62,62,64,65,68,68,70,70,70,70,72,75,76,76,77,77,77,77,77,77,78,78,78,78,78,78,78,78,78,78,78,78,78,78,78,78,78,78,78,78,78,79,79,81,81,81,81,82,83,85,85,85,85,88,90,89,89,89,89,89,90,91,91,91,91,91,91,91,91,91,91,91,91,91,91,92,92,92,92,92,92,92,92,92,92,92,92,92,92,92,92,92,92,92,92,92,92,92,92,92,92,92,92,92,92,92,92,92,92,92,92,92,92,92,92,92,92,92,92,92,92,92,92,93,93,93,93,93,93,93,93,93,93,93,94,94,94,95,96,98,98,98,100,100,101,101,102,102,102,102,102,102,102,102,102,102,105,108,108,110,112,112,112,112,112,114,115,115,115,115,115,115,117,118,119,119,119,122,122,128,129,135,140,157,160,173,181,194,201,207,217,218,232,236,245,246,246,263,266,272,288,307,320,330,375,377,382,405,427,485,501,515,524,541,574,598,667,702,732,735,735,735,786,837,860,881,881,905,905,905,973,1037,1037,1106,1119
09778,Unterallgäu (Landkreis),145341,0,0,0,0,0,0,0,0,5,5,10,15,18,18,19,19,31,42,48,56,59,60,87,99,113,123,131,137,139,154,174,180,184,193,210,220,223,229,232,235,236,240,245,250,254,254,257,262,262,266,269,269,269,269,269,269,269,269,269,269,269,269,269,269,269,269,269,269,270,270,270,270,270,270,270,270,270,270,270,270,270,271,271,271,271,271,271,271,271,271,271,271,271,271,271,271,272,272,271,271,271,271,271,271,271,271,271,271,271,271,271,271,271,271,271,271,271,271,272,272,272,272,272,272,273,273,281,283,283,283,283,284,286,286,286,286,286,286,287,287,287,288,288,288,288,288,288,288,288,288,288,288,288,288,288,290,291,291,291,294,295,296,296,296,296,296,302,305,311,314,315,315,315,321,322,323,325,325,325,325,331,332,335,336,336,336,336,351,359,371,379,386,386,386,399,407,418,426,426,428,432,440,441,444,444,448,448,448,452,454,462,466,468,468,480,495,505,510,527,531,531,531,544,547,566,576,611,611,611,644,654,690,726,753,753,753,844,855,886,919,951,951,964,1047,1076,1107,1145,1180,1180,1182,1266,1301,1390,1420,1441,1441,1441,1498,1519,1611,1636,1664,1664,1664,1705,1726,1759,1792,1812,1812,1812,1847,1858,1894,1920,1943,1943,1943,1992,2014
03460,Vechta (Landkreis),142814,0,0,0,0,0,0,0,0,2,2,3,3,6,6,17,22,33,47,54,59,63,92,94,115,128,133,156,179,194,200,211,224,230,235,244,253,261,268,271,272,275,277,283,287,292,296,298,299,300,302,304,305,306,307,307,307,308,308,309,309,310,314,314,315,318,318,319,319,319,319,319,320,322,323,323,324,324,324,324,324,324,324,324,324,324,324,324,324,324,324,324,324,325,326,326,332,332,332,336,338,338,344,344,344,344,346,346,346,346,346,346,350,350,350,351,351,355,355,355,356,357,358,358,363,363,364,364,365,366,366,371,372,379,388,389,389,390,428,428,429,436,447,449,450,455,458,461,462,466,471,477,477,487,487,494,504,509,509,509,509,512,518,524,530,538,538,542,546,547,550,552,559,560,559,565,574,579,581,581,585,587,592,595,596,599,599,599,604,606,607,609,611,611,618,618,620,620,623,626,627,632,634,637,644,646,653,653,658,658,663,665,679,728,728,739,740,755,762,780,797,810,816,817,852,877,907,923,946,976,980,1013,1079,1137,1172,1217,1252,1261,1328,1396,1470,1527,1600,1626,1645,1717,1794,1888,1947,2042,2063,2078,2122,2183,2237,2318,2377,2405,2409,2479,2574,2644,2684,2739,2770,2775,2821,2899,2965,2995,3050,3057,3066,3121,3160,3209,3244,3281,3289,3303,3353
03361,Verden (Landkreis),137133,0,0,0,0,0,0,2,3,5,8,8,8,12,14,20,23,24,26,27,33,37,37,43,48,50,57,58,73,80,82,96,96,96,100,106,107,107,107,107,107,107,110,111,113,113,113,113,114,114,116,116,116,116,116,116,118,119,120,120,121,124,125,127,130,130,131,131,133,134,139,140,141,143,143,143,143,144,148,148,150,150,154,155,156,160,163,164,164,165,165,166,169,174,175,175,176,176,178,181,182,183,211,211,214,221,225,236,237,238,239,239,240,240,240,240,240,241,241,241,241,241,241,241,241,241,242,242,242,242,242,243,243,243,243,243,244,251,255,255,257,259,259,262,262,263,263,264,265,269,270,272,283,286,291,293,294,298,298,298,299,299,299,301,301,301,301,302,302,302,302,311,311,311,312,312,317,317,319,319,322,322,324,326,328,330,330,330,331,331,331,332,335,340,341,341,345,346,346,347,347,347,347,348,348,350,352,352,356,357,360,363,370,373,376,376,378,382,391,394,402,403,406,408,410,420,423,440,443,459,467,476,512,548,580,580,616,630,658,687,747,822,836,861,879,904,924,986,1024,1078,1141,1174,1195,1233,1289,1347,1379,1409,1439,1443,1479,1511,1551,1569,1611,1620,1629,1645,1677,1698,1719,1739,1739,1741,1759,1782,1800,1816,1835,1846,1849
05166,Viersen (Kreis),298863,2,3,4,5,5,5,6,6,6,17,27,37,40,46,58,70,123,153,158,168,174,199,227,248,249,262,275,284,334,350,353,393,403,406,411,430,445,469,487,487,491,496,499,509,516,537,537,544,566,567,572,594,602,604,605,605,620,629,643,651,651,654,659,664,667,670,678,678,678,683,684,686,688,691,692,692,694,696,698,703,706,706,706,708,707,710,711,711,711,711,713,712,712,713,714,714,714,714,714,714,716,716,716,717,721,722,723,726,726,726,728,728,732,733,733,733,736,736,736,738,738,738,738,738,740,741,741,742,744,744,745,745,746,749,752,756,756,762,762,765,768,771,774,774,774,779,784,791,798,802,802,802,807,809,819,820,823,824,824,830,840,845,851,856,856,856,862,864,865,868,870,870,870,876,877,878,880,887,887,887,912,916,923,926,928,929,935,939,941,946,952,960,960,960,970,972,980,980,989,989,989,997,999,1003,1007,1009,1009,1009,1009,1020,1029,1035,1043,1043,1044,1070,1072,1083,1093,1105,1105,1110,1132,1142,1156,1168,1185,1185,1197,1217,1246,1264,1304,1364,1364,1401,1510,1554,1613,1679,1753,1753,1787,1921,1972,2052,2113,2181,2187,2187,2323,2358,2437,2503,2595,2595,2672,2783,2812,2883,2977,3016,3016,3079,3134,3177,3267,3319,3409,3409,3451,3556,3588,3648,3783,3827,3827,3888,4010,4067
06535,Vogelsbergkreis (Landkreis),105643,0,0,0,0,0,1,1,2,2,2,3,4,4,4,9,15,17,17,26,30,31,38,41,45,51,53,53,58,61,69,73,76,78,78,85,91,96,100,100,100,100,100,102,103,106,109,110,110,113,117,117,119,120,120,120,121,121,121,121,121,121,121,121,121,121,121,121,121,121,121,122,122,123,123,121,121,121,121,121,121,121,121,121,121,121,121,121,121,121,121,121,121,121,121,121,121,121,121,121,121,121,121,121,121,121,121,121,121,121,121,121,121,121,121,121,121,121,121,121,121,121,122,122,122,122,122,122,123,125,125,125,125,125,127,128,129,129,129,131,131,131,133,135,135,135,138,140,144,145,145,145,145,145,145,149,149,149,149,149,149,149,149,149,149,149,149,154,154,154,154,160,160,160,160,162,162,162,163,163,163,165,165,166,167,167,167,167,167,169,169,170,170,170,170,171,175,175,175,177,177,177,180,180,181,181,181,182,182,186,186,189,191,191,191,191,192,192,193,193,195,195,195,195,198,203,212,215,215,215,215,234,243,243,249,259,268,270,285,293,313,326,336,342,356,359,367,378,383,395,405,408,415,424,439,463,472,479,480,490,512,536,557,576,583,588,594,609,633,656,679,689,693,707,727,745,763,778,807,810,815
14523,Vogtlandkreis (Landkreis),225997,0,0,0,0,0,0,0,0,0,0,0,1,2,2,5,7,10,16,16,30,36,47,62,80,93,93,106,111,117,125,131,134,151,161,171,187,195,204,214,217,256,258,268,270,275,277,279,280,285,288,298,300,305,307,312,312,317,323,337,347,358,361,365,370,377,383,389,398,401,402,405,414,419,422,424,424,425,429,441,445,449,452,453,456,460,471,472,474,477,477,477,477,481,485,485,486,486,486,487,488,488,488,488,488,489,492,501,503,503,503,506,506,507,508,508,508,508,508,509,509,509,509,509,509,509,509,509,509,509,509,509,509,510,510,510,510,510,510,510,510,510,510,511,511,511,511,512,513,513,514,514,514,516,517,518,518,518,518,518,518,518,518,519,522,522,522,523,523,527,527,527,527,527,527,529,531,531,531,531,531,532,533,534,535,543,543,543,544,545,550,552,557,557,557,571,580,584,592,621,621,621,647,667,673,678,693,693,693,702,705,710,719,719,719,719,724,732,734,740,747,747,747,768,778,789,813,832,832,832,853,891,919,928,949,949,967,1018,1052,1087,1120,1176,1176,1176,1217,1265,1347,1403,1473,1473,1473,1556,1603,1669,1714,1764,1764,1764,1851,1880,1905,1947,2006,2030,2030,2085,2195,2297,2384,2508,2534,2534,2564,2654,2753,2819,2929,2929,3036,3114,3217
13075,Vorpommern-Greifswald (Landkreis),235623,2,2,2,2,2,2,2,2,2,4,4,5,5,9,13,20,24,26,26,30,31,32,37,46,55,56,56,66,69,69,76,81,81,82,83,95,95,101,101,108,109,110,113,113,115,118,120,120,120,122,124,126,126,128,128,135,135,136,136,136,136,136,135,135,135,136,136,136,136,136,136,136,136,136,136,136,136,137,136,136,136,136,136,138,137,137,136,137,137,137,137,137,137,138,138,138,138,138,138,138,138,138,138,139,139,139,139,139,139,139,139,139,139,139,139,139,139,140,140,140,140,140,140,140,140,140,140,140,140,140,140,140,140,140,141,141,141,141,144,144,144,144,144,144,144,144,146,146,146,146,146,146,146,151,151,154,157,158,158,159,160,160,161,161,161,161,162,162,162,162,163,163,163,166,166,166,166,166,166,166,166,166,166,166,166,166,166,166,166,167,167,169,167,167,174,174,176,174,175,175,175,176,176,176,178,178,178,178,178,186,188,193,195,195,195,204,206,215,221,224,228,228,228,228,234,236,251,260,261,261,274,278,278,316,341,350,364,380,420,448,473,507,513,531,557,601,640,667,705,713,724,744,773,822,857,884,895,904,924,973,1007,1036,1057,1063,1082,1083,1139,1164,1198,1223,1249,1267,1294,1323,1362,1395,1413,1430,1450,1486
13073,Vorpommern-Rügen (Landkreis),224702,1,2,2,2,2,2,2,3,4,4,4,5,6,6,9,10,12,15,15,15,17,18,23,33,33,38,38,41,51,55,58,59,61,62,63,65,66,69,73,74,74,74,74,75,75,76,76,76,76,76,76,76,77,77,77,77,78,80,80,80,80,80,80,81,80,80,80,80,80,80,80,80,80,80,80,80,80,80,80,80,80,80,80,80,80,80,80,80,80,80,80,80,80,81,87,87,87,89,89,89,90,90,90,90,90,90,90,90,91,91,91,92,92,93,93,93,93,93,93,93,93,93,93,93,93,93,93,93,93,93,93,93,93,93,93,93,93,93,93,93,93,93,93,93,93,93,93,93,93,93,93,93,94,95,97,98,98,98,98,99,101,101,101,101,101,101,103,103,105,105,105,105,106,107,107,108,108,108,108,108,108,108,109,109,110,110,110,114,114,114,114,115,115,115,116,118,119,119,122,122,122,123,123,123,123,123,123,123,123,125,125,127,128,128,128,130,131,131,132,134,134,134,141,141,145,149,154,163,163,163,182,193,198,207,216,219,221,231,251,263,327,336,343,345,389,443,467,488,508,525,527,545,562,577,587,601,609,610,622,638,650,660,665,667,670,675,678,685,693,697,697,700,711,718,729,740,755,766,770,782
07233,Vulkaneifel (Landkreis),60646,0,0,0,0,0,0,0,2,3,3,3,3,10,11,17,20,28,28,29,30,31,32,35,39,39,48,51,52,59,64,82,82,83,86,86,89,90,94,95,100,100,100,101,101,102,104,104,105,107,108,109,109,109,109,109,109,110,111,115,115,115,115,116,116,117,117,118,118,118,118,118,118,118,118,118,118,118,118,118,118,118,118,118,118,118,118,118,118,118,118,118,118,118,118,118,118,118,118,118,118,118,118,118,118,118,119,119,119,119,119,119,119,120,122,122,122,123,123,123,123,123,123,123,123,123,123,123,124,124,124,124,124,124,124,124,124,124,124,124,125,125,125,126,126,126,126,126,127,127,127,127,127,127,128,129,129,129,129,129,129,129,130,130,130,130,130,130,131,131,131,132,132,133,133,133,134,135,135,135,135,135,138,138,139,139,140,140,141,141,141,141,142,142,142,142,142,142,143,143,143,143,143,143,143,143,143,143,143,143,143,144,144,146,146,146,147,147,147,149,153,158,157,163,177,178,189,190,207,216,221,223,236,252,254,259,269,279,281,286,292,300,306,310,320,320,328,333,343,352,364,379,386,424,438,453,484,490,498,502,514,526,541,560,570,573,578,585,592,608,611,615,617,620,628,640,657,669,686,694,703
06635,Waldeck-Frankenberg (Landkreis),156406,0,0,0,0,0,1,1,3,4,4,5,8,8,8,18,21,25,28,28,28,34,36,42,47,55,55,61,61,66,79,80,86,90,94,94,102,103,109,112,112,112,112,113,124,130,131,131,137,137,138,142,143,143,142,143,143,143,143,143,146,146,146,146,147,147,149,150,150,150,154,155,155,156,157,157,157,159,160,160,160,161,161,161,161,163,169,169,169,169,169,169,169,170,171,172,172,173,173,173,173,173,173,173,173,173,173,174,174,174,174,174,174,175,175,175,175,175,175,175,175,175,175,175,175,175,175,175,177,177,181,181,186,186,186,190,191,192,196,198,198,198,198,200,200,200,200,199,201,201,201,202,202,202,202,202,202,202,202,202,204,206,208,208,209,210,210,210,211,214,214,214,219,219,221,223,224,227,228,228,230,230,230,230,230,231,234,234,234,234,236,236,237,238,238,240,240,240,240,241,245,248,248,249,251,254,252,255,255,255,253,255,260,259,262,262,264,266,268,277,279,283,283,290,290,304,307,313,327,327,327,341,354,376,382,397,412,413,430,460,482,530,538,543,605,631,646,691,732,745,770,786,807,844,875,908,932,952,963,975,986,1021,1100,1124,1127,1150,1156,1164,1198,1238,1252,1281,1283,1297,1321,1363,1415,1433,1437,1465,1490
08337,Waldshut (Landkreis),171003,0,0,0,0,0,0,0,0,2,4,5,6,6,8,17,20,28,32,36,53,60,61,70,73,89,91,109,114,132,138,161,184,190,193,202,218,225,236,248,252,253,253,254,268,277,279,283,283,283,288,292,296,300,302,303,304,305,305,307,307,307,307,307,307,308,308,308,308,308,309,310,311,311,311,311,311,311,311,311,311,311,311,311,311,311,311,311,311,311,311,311,311,311,311,311,311,311,311,311,311,311,311,311,311,311,311,311,311,311,311,311,311,312,311,311,311,311,311,311,311,311,311,311,311,311,311,312,313,314,314,314,314,317,318,319,319,319,319,323,324,324,324,325,325,325,326,327,327,328,328,328,328,334,334,334,334,335,335,335,337,337,339,339,340,340,340,342,343,346,348,349,351,352,355,359,363,369,371,371,371,375,375,378,379,383,384,385,387,387,391,397,398,398,398,400,400,403,406,409,409,409,411,412,414,415,419,419,427,428,431,433,440,447,448,448,452,453,459,460,461,461,461,470,472,481,487,499,499,511,521,529,549,557,581,582,619,628,656,690,737,776,804,837,882,919,961,1020,1078,1078,1159,1216,1248,1279,1374,1435,1444,1514,1542,1556,1597,1666,1724,1724,1807,1821,1833,1871,1908,1955,1996,2047,2081,2112,2173,2255,2311,2311,2386,2393,2419
05570,Warendorf (Kreis),277840,0,0,0,0,0,1,4,5,11,27,42,57,65,84,108,138,181,207,207,207,217,244,254,279,287,291,303,310,322,338,341,342,343,347,351,362,367,376,376,379,401,405,408,414,422,426,427,428,430,434,440,445,445,449,450,451,456,458,458,465,467,471,471,472,473,474,474,476,476,476,476,476,481,481,482,483,483,485,485,485,485,485,485,485,485,486,487,487,487,492,493,495,497,497,497,498,499,499,501,513,513,514,520,524,525,531,582,589,638,640,712,714,714,719,723,737,741,750,768,788,811,816,823,827,832,835,838,841,842,842,842,842,844,845,845,848,852,853,853,853,854,855,857,860,863,863,865,868,869,870,871,875,876,880,883,889,892,893,900,902,907,910,911,917,919,924,927,929,930,930,933,936,936,939,940,945,946,946,946,946,950,950,952,952,955,955,957,961,962,965,968,973,977,980,984,984,987,989,994,994,1001,1001,1002,1005,1007,1015,1024,1029,1036,1040,1052,1056,1075,1080,1093,1104,1108,1108,1117,1149,1163,1170,1198,1208,1213,1241,1287,1310,1339,1365,1387,1425,1455,1507,1541,1576,1633,1659,1686,1772,1832,1938,2035,2103,2119,2162,2200,2300,2411,2485,2560,2595,2641,2702,2817,2891,2977,3016,3045,3104,3193,3260,3347,3436,3497,3505,3538,3624,3673,3741,3824,3868,3893,3924,3978,4033,4112,4168,4200,4222
16063,Wartburgkreis (Landkreis),118974,0,0,0,0,0,0,0,0,0,0,0,2,3,5,5,5,10,12,13,13,14,15,15,15,17,17,18,19,27,29,29,29,29,29,31,31,32,32,33,33,33,33,35,35,37,37,37,37,37,37,37,38,38,39,40,40,41,41,41,43,43,44,44,45,45,45,46,46,46,48,49,50,53,55,55,55,55,58,60,60,60,65,65,67,70,70,71,72,73,73,73,77,78,79,79,79,79,79,82,82,84,84,84,85,86,86,86,86,86,86,87,87,87,87,87,87,87,87,87,90,90,90,90,90,90,90,91,91,91,91,91,91,92,92,93,93,93,93,93,93,94,95,95,95,95,95,95,95,95,97,97,97,100,101,101,101,101,101,101,101,101,102,104,104,104,104,104,104,104,105,105,105,105,109,109,111,112,112,112,112,112,112,112,112,112,112,113,113,113,115,115,116,116,116,117,117,118,118,118,118,118,118,125,129,131,136,136,136,138,139,140,142,142,142,142,147,147,150,150,151,151,151,152,153,157,158,160,160,162,163,168,171,176,179,179,179,191,211,221,233,238,238,238,250,256,256,259,272,272,272,278,278,281,288,316,316,316,331,348,357,362,428,428,428,421,446,456,491,534,534,534,546,604,632,655,693,719,719,748,832
09363,Weiden i.d. OPf. (Kreisfreie Stadt),42743,0,0,0,0,0,0,0,0,3,4,7,7,7,7,7,7,7,7,20,20,22,31,40,47,55,61,64,70,77,93,109,125,136,142,143,154,171,183,191,193,198,203,210,225,230,245,249,252,254,263,270,271,276,279,281,281,291,292,293,297,297,297,297,299,302,303,306,306,306,308,312,312,312,312,312,313,314,317,317,317,317,317,318,319,320,323,323,323,323,323,323,323,323,325,325,327,328,328,328,328,331,331,331,334,334,336,336,337,337,337,337,337,337,337,337,337,337,337,337,337,338,338,338,338,339,339,339,339,339,339,339,339,339,339,339,339,339,339,339,339,339,339,339,339,339,339,339,339,339,339,339,339,339,339,339,339,339,339,339,339,339,339,339,339,339,339,340,340,340,342,344,348,348,349,349,351,352,353,354,354,357,357,360,364,370,370,370,373,375,377,378,379,380,380,381,382,384,384,384,384,384,384,386,386,386,386,388,390,390,390,392,396,397,398,398,401,403,404,406,409,409,412,414,417,423,440,449,456,459,459,468,483,493,503,530,537,549,556,565,572,583,584,588,590,597,603,624,633,646,672,688,696,710,746,765,783,795,795,799,811,829,846,856,861,867,879,888,908,929,940,955,963,963,969,980,991,1001,1010,1010,1016
09190,Weilheim-Schongau (Landkreis),135478,0,1,1,3,3,3,3,3,8,8,11,19,19,26,27,44,56,74,84,93,104,115,136,154,177,183,186,203,227,242,257,273,279,288,290,296,304,307,309,321,321,321,325,326,326,335,336,326,334,329,340,330,341,341,331,343,343,333,334,334,335,333,334,333,333,334,334,334,334,336,336,335,335,335,336,336,339,342,342,352,352,352,352,352,352,352,355,353,353,353,352,352,352,352,352,352,352,352,352,352,352,352,352,352,352,353,355,355,355,355,355,355,355,356,356,356,356,356,356,356,356,356,356,356,356,356,356,356,356,357,357,357,361,362,362,362,362,362,363,363,363,363,363,363,363,366,366,367,368,368,368,368,369,369,370,370,370,371,371,371,371,372,373,373,373,373,376,376,377,380,381,382,382,382,385,388,390,391,392,392,392,395,398,402,408,408,408,414,415,415,424,425,428,428,432,436,446,453,453,456,457,460,460,466,467,472,474,477,477,477,477,479,479,479,479,483,486,489,489,496,496,496,507,515,522,545,564,564,570,600,619,648,674,695,695,695,740,764,796,835,876,887,902,936,990,1030,1075,1171,1178,1193,1222,1240,1269,1317,1344,1355,1372,1403,1420,1460,1480,1497,1503,1503,1540,1555,1598,1618,1635,1635,1635,1682,1706,1731,1748,1783,1787,1801,1836,1852
16055,Weimar (Kreisfreie Stadt),65228,0,0,0,0,0,0,1,1,1,1,2,2,2,2,6,11,11,11,11,14,16,20,22,24,27,29,31,33,37,41,44,46,49,50,50,51,54,55,55,55,58,58,58,58,58,58,58,58,58,59,59,60,60,61,61,61,61,63,63,63,63,64,64,64,65,65,65,65,65,65,65,65,65,65,65,65,68,68,68,68,68,68,68,68,68,68,68,68,68,68,68,68,68,68,68,68,68,68,69,69,69,69,69,69,69,69,69,69,69,69,69,69,69,69,69,69,69,69,69,69,69,69,69,69,69,69,69,69,69,69,71,72,72,72,72,72,72,72,72,72,72,81,81,81,81,89,89,90,90,90,90,90,91,91,91,92,93,93,93,94,94,94,94,94,94,94,97,97,97,97,98,98,98,100,100,100,100,101,103,103,103,104,103,104,105,105,107,107,107,109,110,111,111,111,118,118,120,120,121,121,121,121,121,122,122,122,122,122,122,122,124,134,137,137,140,143,144,145,146,146,146,146,146,146,146,146,146,146,147,147,149,153,158,164,164,176,177,188,207,221,236,255,263,268,283,304,316,324,326,335,338,343,352,363,366,371,372,371,380,385,392,404,407,410,411,415,429,436,444,453,454,456,459,464,476,483,492,492,497,505
16071,Weimarer Land (Landkreis),82156,0,0,0,0,0,0,0,0,0,0,1,1,1,1,2,4,5,9,9,12,12,15,15,17,18,21,22,24,26,29,30,36,41,54,54,54,57,58,59,59,59,59,59,59,64,65,65,66,66,67,67,67,67,67,67,68,68,68,69,69,69,69,69,71,71,71,72,73,73,73,73,73,73,73,73,73,73,73,73,73,73,73,73,73,73,73,73,73,73,73,73,73,73,73,74,74,74,74,74,74,74,74,74,74,74,74,74,74,74,74,74,74,74,74,74,74,74,74,74,74,74,74,74,74,74,74,75,75,75,75,75,75,75,75,77,77,77,77,77,77,77,77,77,77,77,77,77,77,77,77,78,78,78,78,78,82,82,82,82,82,82,82,82,83,83,83,83,83,83,83,84,83,83,83,83,84,85,85,85,87,87,87,88,88,88,88,89,89,90,95,98,105,105,115,120,124,131,133,134,134,134,139,140,140,142,143,143,143,144,144,148,150,150,150,150,150,152,153,157,157,158,157,157,157,160,162,163,172,172,171,172,179,186,191,199,200,200,214,218,233,256,263,266,281,293,303,326,340,362,364,365,379,392,403,411,418,421,424,428,436,453,464,479,481,487,493,507,525,537,537,550,559,562,574,589,594,607,610,614,621
09577,Weißenburg-Gunzenhausen (Landkreis),94734,0,0,0,0,0,0,0,0,0,2,2,2,2,2,5,7,8,12,20,24,33,44,51,74,82,91,96,101,110,133,141,146,155,163,171,186,192,233,242,242,257,259,263,272,272,278,279,280,283,292,304,316,322,328,329,339,353,356,358,359,361,363,364,365,365,366,367,369,370,373,373,375,375,376,378,378,378,380,381,381,383,384,384,384,384,384,384,384,384,384,385,385,385,386,386,386,386,386,331,331,331,331,331,331,331,332,332,332,332,332,332,332,332,333,333,333,333,333,334,335,335,335,335,335,335,335,335,335,335,336,336,336,336,336,336,336,336,336,336,338,338,338,338,340,340,340,340,340,340,340,340,340,340,342,342,342,344,344,344,344,344,344,346,346,351,351,351,353,356,362,367,370,370,374,376,377,383,389,394,394,394,405,411,413,419,422,422,422,426,431,433,437,437,437,437,439,441,441,444,444,445,445,448,449,449,450,451,451,451,452,453,453,456,457,457,457,457,458,459,460,460,462,462,462,463,465,477,491,491,491,495,509,516,526,536,544,547,547,571,586,604,622,638,639,649,666,692,717,740,759,763,775,812,839,857,866,883,886,886,911,938,962,983,1001,1006,1013,1024,1043,1056,1070,1089,1092,1097,1121,1151,1178,1203,1224,1236,1255
06636,Werra-Meißner-Kreis (Landkreis),100629,0,0,0,0,0,0,0,0,0,0,0,0,1,1,1,1,2,5,5,5,9,13,14,14,21,21,22,22,24,26,28,29,30,31,34,47,58,71,83,95,102,104,115,119,124,126,126,127,129,133,157,167,163,163,164,167,175,177,178,179,180,181,182,183,188,190,195,195,195,197,200,200,201,202,202,204,204,206,207,207,207,207,207,208,210,213,214,214,214,214,214,214,214,214,214,214,214,214,214,215,215,215,218,218,224,224,226,226,226,228,228,229,230,231,231,232,232,232,232,232,232,232,233,233,233,233,234,234,234,234,234,234,234,234,234,234,234,234,234,234,234,234,234,234,234,234,234,234,234,234,234,234,234,234,236,236,236,236,236,238,239,239,239,241,241,241,241,242,243,244,244,244,244,245,245,245,245,247,247,247,247,247,247,248,249,249,250,250,250,250,251,251,251,252,253,253,253,253,253,253,253,253,253,254,255,256,256,257,257,257,258,260,264,266,269,269,269,284,290,302,308,313,313,314,317,319,323,326,326,330,333,343,346,359,362,366,372,379,383,389,401,410,422,429,439,464,470,485,499,510,515,532,538,545,553,556,565,570,579,598,623,645,665,692,734,735,752,776,792,801,812,819,824,838,849,861,886,898,908,910
05170,Wesel (Kreis),459976,1,1,1,1,1,1,1,4,15,26,27,27,49,72,85,99,124,124,124,146,164,176,192,208,217,217,237,243,254,258,267,278,285,286,303,319,333,362,362,391,396,404,410,418,426,426,437,452,459,468,477,486,486,490,504,508,513,524,524,536,536,541,545,548,553,559,559,559,571,573,580,586,595,595,595,598,598,601,601,603,603,603,612,612,616,617,622,622,622,622,626,627,629,635,635,635,647,651,654,654,659,659,659,666,666,667,667,669,669,669,675,678,692,700,748,748,748,784,786,788,791,797,797,797,821,822,827,833,835,835,835,847,847,848,851,856,856,857,863,863,865,869,875,875,875,887,888,898,911,927,933,942,963,968,977,1001,1013,1024,1024,1058,1064,1082,1089,1094,1094,1094,1130,1130,1131,1138,1150,1150,1155,1168,1174,1180,1183,1193,1193,1193,1198,1205,1205,1209,1215,1219,1219,1237,1242,1248,1250,1255,1255,1255,1267,1272,1277,1286,1298,1298,1298,1325,1327,1333,1345,1353,1357,1364,1375,1378,1390,1400,1413,1416,1420,1458,1468,1476,1501,1514,1514,1514,1586,1612,1632,1676,1721,1762,1762,1792,1835,1881,1971,2032,2056,2056,2106,2140,2180,2283,2359,2433,2433,2532,2647,2718,2829,2922,2939,2939,2988,3126,3260,3392,3522,3559,3559,3683,3834,3977,4116,4265,4267,4267,4431,4603,4750,4898,5044,5153,5223,5354,5500,5615,5752,5941,6017,6017,6214,6344
03461,Wesermarsch (Landkreis),88583,0,0,0,0,0,0,0,0,0,0,0,0,0,0,4,4,5,5,9,11,13,20,26,32,38,39,40,42,43,45,47,47,47,48,48,48,49,49,49,49,51,52,52,52,52,52,52,52,52,52,52,52,52,52,52,52,52,52,52,52,52,52,52,52,52,52,52,52,52,52,52,52,52,52,52,52,52,54,55,60,60,62,62,62,64,64,66,66,66,66,66,66,67,67,67,70,71,71,71,71,71,71,71,71,71,72,72,72,72,72,72,72,72,72,72,72,72,73,73,73,73,73,73,73,73,73,73,73,73,73,73,73,73,74,74,74,74,74,74,74,74,74,74,74,74,74,75,76,76,76,76,76,77,77,83,84,89,89,89,94,96,97,98,98,98,98,102,103,107,113,113,113,113,115,117,118,118,118,118,118,120,120,120,121,122,123,123,124,125,125,126,129,129,129,140,140,147,147,147,147,147,148,150,151,153,160,160,160,166,168,172,175,178,183,191,196,196,211,232,235,239,240,253,256,261,262,264,264,264,272,272,278,279,287,287,287,292,294,304,308,317,317,325,333,336,350,357,368,370,377,386,392,413,424,432,432,447,448,451,463,470,487,497,502,507,513,538,554,574,592,592,608,620,640,659,688,690,690,711,715
07143,Westerwaldkreis (Landkreis),201904,0,0,0,0,0,0,0,0,1,2,5,5,36,53,54,54,78,83,88,99,103,106,115,130,137,142,147,160,178,184,191,198,204,227,245,261,266,274,275,276,289,290,293,297,311,316,316,316,318,318,321,324,326,326,326,326,327,329,332,332,332,332,333,333,333,343,343,343,343,346,346,346,349,349,351,351,353,353,353,356,356,356,356,356,356,356,357,357,357,357,359,359,359,361,361,361,361,361,361,361,361,361,361,361,363,363,363,367,367,367,367,370,370,370,370,370,370,370,380,380,380,381,381,381,383,383,383,383,383,383,383,383,384,384,388,389,389,389,389,389,389,389,390,390,390,390,394,394,394,395,395,395,395,404,404,411,423,423,423,423,435,436,439,445,445,446,448,453,453,456,461,461,464,464,465,467,470,476,476,476,477,478,479,481,485,485,487,489,494,495,498,503,503,513,514,526,526,528,532,538,546,551,562,562,566,568,572,576,576,581,583,585,598,598,598,598,609,611,618,626,627,627,638,643,652,659,664,668,689,695,696,726,741,790,790,817,866,885,921,948,993,1025,1042,1071,1099,1145,1165,1206,1244,1262,1309,1330,1370,1416,1434,1456,1467,1512,1517,1559,1608,1624,1659,1676,1685,1695,1723,1764,1802,1821,1828,1842,1850,1878,1897,1949,1983,2009,2025,2036
06440,Wetteraukreis (Landkreis),308339,0,0,0,0,0,0,0,0,1,1,2,8,8,15,15,26,26,38,38,41,41,54,66,75,84,91,91,105,124,135,141,146,153,154,158,167,184,186,193,204,204,206,211,214,215,232,241,244,245,250,258,258,258,260,263,264,266,267,269,269,269,271,273,275,276,278,282,282,282,277,278,284,285,287,287,287,288,303,303,311,311,311,311,312,313,313,314,314,320,320,321,321,326,332,332,336,339,344,344,344,349,349,350,350,350,351,351,351,352,352,352,355,355,356,356,356,356,356,356,357,359,360,360,360,362,362,364,365,367,367,367,369,369,369,371,376,376,377,377,384,385,386,386,386,386,390,392,394,400,404,404,410,410,410,411,414,418,421,427,427,431,431,441,447,450,450,454,460,466,469,475,476,484,486,491,495,498,502,502,506,507,513,515,519,522,527,529,528,534,536,539,541,544,544,548,551,554,557,564,564,564,571,574,581,589,594,600,601,609,611,620,627,629,632,637,640,644,654,663,679,694,711,708,719,736,769,804,811,833,838,857,870,915,960,992,1020,1035,1087,1136,1190,1242,1287,1360,1363,1407,1462,1543,1595,1691,1744,1769,1817,1889,1977,2056,2067,2202,2223,2258,2375,2465,2556,2618,2690,2701,2749,2789,2890,2972,3074,3126,3140,3165,3246,3331,3440,3499,3541,3673,3757
06414,Wiesbaden (Kreisfreie Stadt),278474,0,0,0,0,0,1,1,1,6,7,7,7,19,22,22,48,59,59,94,94,101,111,127,148,148,171,176,180,184,195,199,206,209,210,217,229,239,247,250,250,250,254,259,269,277,278,282,283,291,290,293,294,295,302,303,312,313,318,326,328,328,330,331,342,349,350,354,356,356,361,369,373,378,383,393,396,398,404,408,409,431,430,431,435,442,442,445,446,446,447,448,450,450,450,453,453,454,455,460,460,460,462,462,462,466,468,468,468,468,468,468,469,469,469,469,470,470,471,472,476,476,481,481,484,484,486,487,490,490,490,490,491,491,493,499,500,504,504,507,507,512,514,517,520,520,521,526,538,548,551,557,563,576,580,584,594,601,607,611,616,626,636,646,654,656,656,679,692,705,718,734,734,769,786,820,831,841,857,866,869,870,875,879,887,892,896,908,912,918,932,938,938,949,958,960,971,979,985,992,996,996,1005,1011,1016,1026,1042,1042,1052,1058,1064,1075,1082,1093,1102,1115,1117,1140,1163,1182,1203,1218,1234,1243,1256,1283,1326,1361,1390,1420,1453,1479,1544,1604,1667,1736,1761,1864,1926,2005,2113,2225,2225,2361,2401,2481,2588,2682,2816,2927,2927,3009,3216,3382,3514,3604,3696,3768,3851,3951,4138,4256,4337,4424,4496,4618,4724,4832,4952,5033,5115,5186,5206,5254,5320,5395,5431,5485,5515,5539,5607
03405,Wilhelmshaven (Kreisfreie Stadt),76089,0,0,0,0,0,0,2,2,2,2,2,2,3,3,5,5,5,5,5,5,6,6,6,6,6,6,6,7,7,7,8,9,10,10,11,13,13,13,13,15,15,15,16,17,17,17,17,17,17,17,17,17,17,18,18,18,19,21,21,22,22,22,22,22,22,23,23,23,25,26,26,26,26,26,26,26,26,26,26,26,26,26,26,26,26,26,26,26,26,26,26,27,27,27,27,27,27,27,27,27,27,27,27,27,27,27,27,27,27,27,27,27,27,27,27,27,27,27,27,28,28,28,28,28,28,28,28,28,28,28,28,28,28,28,28,28,28,28,28,28,28,28,28,28,28,28,28,28,28,28,28,31,31,31,31,31,32,32,35,35,35,35,35,35,35,35,35,35,35,35,35,35,35,36,37,37,37,40,40,47,46,46,48,48,48,48,48,48,48,48,48,48,48,48,49,50,50,51,51,53,53,53,53,54,56,57,59,60,60,61,62,62,63,64,64,64,64,66,68,68,68,69,69,69,70,70,71,71,72,74,73,74,74,81,83,89,89,90,92,97,97,102,107,109,109,117,121,128,142,142,143,148,152,162,166,171,171,173,175,177,193,195,216,216,217,219,281,289,300,304,304,305,310,318,326,330,337,345,345,353
15091,Wittenberg (Landkreis),124953,0,0,0,0,0,0,0,1,2,2,2,2,2,3,7,11,15,19,24,36,38,53,60,62,66,80,82,89,92,97,101,107,113,113,121,126,130,132,137,139,142,142,146,146,146,146,148,149,149,150,150,152,152,153,153,153,153,153,153,153,153,153,153,153,153,153,153,153,153,153,153,153,154,154,154,154,154,154,154,154,154,154,154,154,154,154,154,154,154,154,154,154,154,154,154,154,154,154,154,154,154,154,154,154,155,155,155,155,155,155,158,158,158,158,158,158,158,158,158,159,159,159,159,159,159,159,159,159,159,159,159,160,160,160,160,160,160,160,161,161,162,162,162,162,162,162,163,163,163,163,163,163,163,163,163,163,163,163,163,163,164,165,165,165,165,165,168,168,168,168,169,169,169,169,169,169,169,170,170,170,170,170,170,170,173,173,173,173,176,178,178,181,181,181,181,181,183,184,186,189,190,190,194,198,202,213,214,215,218,219,223,224,236,236,238,243,242,243,243,245,245,245,245,245,247,248,253,254,255,255,258,263,266,278,287,289,300,303,314,336,342,361,364,367,370,379,393,409,423,438,441,459,475,484,493,505,518,521,538,549,583,598,627,635,637,649,659,687,711,743,750,756,776,861,893,924,970,977,1000,1050
03462,Wittmund (Landkreis),56926,0,0,0,0,0,0,0,1,1,1,1,1,3,3,3,4,4,4,4,6,6,8,10,14,16,16,15,15,15,16,16,16,16,16,19,20,20,20,20,20,21,21,21,21,22,22,24,24,24,24,24,24,24,24,24,24,24,25,25,25,26,26,26,27,27,27,27,27,27,27,27,27,27,27,27,28,28,35,35,38,38,38,38,38,38,39,39,39,39,39,40,40,41,41,41,41,41,41,41,41,41,41,41,41,41,41,41,41,41,41,41,41,41,41,41,41,41,41,41,41,41,41,41,41,41,41,41,41,41,41,41,41,41,41,41,41,41,41,41,41,41,41,41,41,41,41,41,41,41,41,41,41,41,41,41,41,41,41,41,41,41,42,42,42,43,43,43,43,45,46,46,46,46,46,46,46,46,47,47,47,48,49,49,49,49,49,49,49,49,49,50,51,52,52,54,54,54,55,55,55,55,55,57,57,58,63,64,65,67,67,68,70,76,76,76,79,79,80,80,82,82,82,82,82,83,83,83,83,83,83,83,83,84,88,90,91,94,95,101,107,109,112,112,137,140,145,148,160,169,173,180,187,190,196,211,219,227,228,224,225,225,239,241,247,251,253,258,275,284,288,300,300,301,306,311,318,324,335,338,338
03158,Wolfenbüttel (Landkreis),119622,0,0,0,0,0,0,0,0,0,0,0,0,0,1,2,3,6,6,6,7,11,20,26,29,32,32,35,47,55,60,73,75,76,76,81,86,99,99,120,120,120,124,144,148,152,154,155,153,154,158,160,165,167,167,171,171,173,175,177,177,177,177,177,177,179,179,179,179,180,181,183,184,184,184,184,184,184,185,185,185,185,185,186,186,186,188,188,188,190,190,190,190,190,190,190,190,191,190,190,190,190,190,190,190,190,190,190,190,190,190,190,190,190,190,190,190,190,190,190,190,190,190,190,190,190,190,190,190,190,190,190,191,191,191,191,191,191,191,191,191,191,191,191,191,191,191,191,191,191,191,191,191,195,196,196,196,202,204,204,204,204,205,205,205,205,205,209,209,212,213,213,213,213,217,217,217,218,218,218,218,218,218,218,218,218,218,218,218,218,218,218,218,218,218,219,220,220,223,224,224,224,224,226,229,230,230,230,230,231,232,233,235,235,235,235,237,237,238,240,240,240,240,244,245,246,253,253,253,253,259,262,276,283,283,289,291,306,318,334,343,356,357,369,384,391,417,430,450,458,467,478,488,512,546,561,576,577,580,593,603,608,625,628,628,649,661,670,676,697,702,702,702,724,734,747,773,773,773,774,797
03103,Wolfsburg (Kreisfreie Stadt),124371,0,0,0,0,0,0,0,0,0,2,3,3,3,4,8,10,14,16,20,28,31,40,51,98,122,145,163,171,184,195,217,217,221,222,225,228,235,241,248,248,249,249,250,253,259,266,271,272,272,277,280,280,280,282,282,282,282,282,284,284,285,285,285,286,286,286,287,287,288,290,290,292,293,293,293,293,293,293,293,294,294,294,295,295,298,304,304,304,304,308,308,308,309,313,313,313,320,324,330,332,336,336,336,342,346,351,353,364,364,364,369,369,370,370,372,372,372,372,372,372,374,374,374,374,374,374,374,374,374,374,374,375,375,375,375,375,375,375,375,375,375,375,376,376,376,378,378,383,383,384,384,384,384,384,385,385,386,386,386,386,387,389,393,398,398,398,399,403,409,412,415,415,415,416,420,425,426,426,426,426,427,430,431,433,436,436,436,437,437,438,439,440,440,440,441,442,443,443,443,443,445,447,451,451,451,451,451,451,451,453,453,453,453,453,453,457,458,458,459,459,459,461,466,473,476,485,488,488,488,494,495,505,523,530,530,530,554,557,570,580,597,597,603,611,625,637,650,664,664,666,676,693,716,729,739,739,757,761,771,805,828,872,872,883,889,905,922,941,966,966,1011,1016,1035,1045,1063,1070,1073,1086,1086,1091
07319,Worms (Kreisfreie Stadt),83542,0,0,0,0,0,0,0,0,0,1,1,2,2,14,16,22,22,30,30,37,47,50,55,59,67,67,71,76,81,84,93,109,111,111,117,124,124,130,134,136,137,139,142,143,151,153,158,155,161,163,164,166,169,173,174,175,178,179,181,190,185,185,186,187,188,190,191,194,196,197,198,198,199,199,199,201,202,204,204,208,208,208,209,210,215,215,218,218,218,218,218,218,218,218,218,218,218,218,219,219,219,219,219,220,221,221,221,221,221,221,222,222,222,222,222,222,222,222,222,222,222,222,222,222,222,222,222,223,223,223,223,225,225,225,225,225,225,225,226,226,226,226,226,226,226,226,227,227,227,227,227,227,229,229,229,229,230,230,230,231,234,235,236,239,239,239,242,245,256,257,260,260,259,266,268,268,268,272,272,272,274,274,274,276,277,277,277,283,283,283,285,290,290,290,302,309,314,319,322,322,322,326,326,327,329,333,333,333,335,336,341,344,344,344,344,355,355,355,356,358,358,358,362,365,368,375,381,381,381,387,388,396,400,406,406,419,430,445,453,465,471,471,484,499,510,521,530,554,556,572,579,594,618,628,640,649,653,660,679,694,739,758,767,813,839,850,875,888,922,929,952,964,976,986,1008,1041,1048,1057,1095,1110
09479,Wunsiedel i. Fichtelgebirge (Landkreis),72655,0,0,0,0,0,0,0,0,0,0,0,1,2,14,16,16,16,41,53,62,73,88,115,115,159,188,197,221,265,292,319,351,416,422,444,475,505,505,522,528,539,543,551,564,564,582,586,589,589,594,600,604,617,619,624,624,629,632,634,635,636,636,636,639,639,641,641,645,645,646,647,647,647,647,647,647,647,647,648,648,648,651,651,651,652,653,653,653,653,656,655,655,655,655,655,655,657,657,657,658,657,657,658,658,658,658,658,659,659,659,660,660,660,660,660,660,660,660,660,661,661,661,661,661,661,661,661,661,661,661,661,661,661,661,661,661,661,661,665,665,665,665,666,666,666,667,672,672,672,672,672,672,672,672,672,673,673,673,673,673,675,677,677,677,677,678,678,678,682,682,682,682,683,683,683,683,683,683,683,683,684,684,684,687,687,689,689,692,694,696,696,697,697,708,712,712,717,720,728,728,731,734,737,743,749,755,755,757,757,764,764,771,771,775,777,779,780,785,785,792,792,795,798,800,801,804,809,814,825,831,835,850,859,866,869,882,887,889,902,909,918,930,930,937,942,952,964,983,996,1014,1020,1027,1040,1050,1062,1062,1083,1086,1092,1144,1164,1186,1194,1201,1211,1238,1279,1302,1315,1315,1334,1362,1381,1409,1434,1475,1475,1504,1521,1538
05124,Wuppertal (Kreisfreie Stadt),355100,0,0,0,0,0,0,0,0,4,6,10,16,20,31,50,61,74,74,74,109,117,138,162,172,185,185,197,210,249,262,285,298,328,354,383,423,490,490,490,556,571,580,589,624,652,692,697,727,752,760,763,770,770,770,794,801,813,813,813,813,813,828,832,843,847,855,855,855,867,873,880,884,891,891,895,902,904,909,909,909,909,909,913,919,923,931,931,931,931,931,935,937,937,940,940,940,942,942,945,945,950,950,950,953,957,959,960,968,968,968,974,977,978,984,987,987,987,1004,1005,1008,1012,1017,1017,1017,1023,1022,1023,1025,1027,1027,1027,1037,1039,1039,1042,1042,1042,1042,1051,1051,1056,1063,1070,1076,1076,1085,1087,1093,1103,1106,1106,1106,1126,1134,1143,1153,1166,1166,1166,1195,1205,1211,1238,1268,1268,1268,1297,1302,1318,1327,1345,1353,1353,1366,1367,1385,1393,1402,1402,1402,1421,1427,1434,1445,1453,1461,1461,1477,1483,1488,1505,1520,1520,1520,1543,1551,1563,1582,1601,1601,1601,1630,1636,1651,1665,1683,1683,1683,1710,1721,1728,1749,1787,1787,1787,1845,1872,1921,1938,1982,2011,2052,2055,2115,2169,2238,2302,2359,2418,2414,2489,2542,2608,2689,2814,2894,2899,3027,3117,3232,3356,3497,3580,3580,3692,3821,3951,4058,4193,4290,4302,4421,4519,4650,4740,4848,4930,4947,5079,5195,5338,5518,5576,5641,5668,5794,5920,6038,6145,6185,6329,6361,6479,6624,6762,6892,7009,7066,7105,7243
09663,Würzburg (Kreisfreie Stadt),127934,2,2,2,4,4,6,6,7,12,16,27,30,35,40,41,42,66,85,87,88,104,117,128,204,217,243,250,276,294,310,318,356,361,363,372,379,383,397,402,429,429,430,431,437,443,452,452,453,455,458,461,462,464,463,463,462,463,463,462,463,463,463,463,463,464,461,461,461,461,462,467,467,467,467,467,467,467,465,465,465,465,465,465,465,465,466,466,466,466,466,466,466,467,467,468,468,468,468,468,468,468,468,468,468,469,469,470,470,470,470,470,471,473,473,487,487,487,487,488,488,489,489,489,489,489,489,489,489,489,489,489,489,489,489,489,489,489,489,489,493,494,494,494,494,494,494,494,496,496,496,496,496,497,497,499,499,500,500,500,500,501,502,503,503,504,504,504,504,507,508,508,514,514,517,518,520,520,522,523,523,529,529,534,534,569,569,569,589,601,612,632,639,639,639,678,679,702,709,724,724,755,756,758,763,767,769,773,773,789,793,801,800,805,809,816,817,821,831,835,841,848,853,856,856,862,877,881,902,913,918,931,955,982,995,1018,1037,1061,1070,1096,1131,1155,1181,1195,1215,1224,1259,1284,1314,1335,1368,1384,1393,1425,1449,1478,1494,1514,1525,1532,1563,1578,1605,1625,1639,1643,1649,1676,1696,1714,1727,1741,1748,1751,1761,1775,1788,1804,1825,1836,1842
09679,Würzburg (Landkreis),162302,0,0,3,3,3,9,9,10,16,19,32,36,41,47,60,70,100,100,130,149,167,180,215,172,211,201,215,230,244,260,268,278,290,293,298,305,318,335,338,347,347,355,361,370,376,386,386,388,397,396,399,401,401,401,401,401,404,405,405,405,405,405,405,406,409,407,410,409,409,409,409,409,409,409,409,409,409,405,409,409,409,409,409,409,409,410,410,410,410,410,411,411,411,410,413,413,414,414,414,414,414,414,414,414,415,415,415,415,415,415,415,416,414,422,409,409,409,411,411,411,411,411,412,412,412,413,416,415,415,417,417,417,417,417,417,417,417,417,418,419,419,419,420,424,424,428,429,429,430,430,430,430,432,432,437,438,441,442,442,444,444,448,452,454,455,455,455,455,459,466,466,470,470,473,477,480,480,483,483,483,488,489,490,490,497,497,497,503,509,513,531,534,534,534,564,565,586,594,603,603,624,624,624,631,634,636,639,639,645,646,649,653,656,658,660,660,663,669,676,683,685,689,690,694,699,704,711,737,753,755,768,782,802,818,834,852,873,885,902,936,954,977,995,1030,1105,1139,1174,1198,1222,1267,1294,1304,1342,1379,1416,1442,1467,1475,1474,1501,1522,1554,1587,1621,1625,1628,1657,1684,1705,1716,1727,1735,1737,1750,1772,1792,1819,1840,1846,1847
08417,Zollernalbkreis (Landkreis),189363,2,10,11,11,11,11,15,19,21,21,21,21,33,51,60,70,76,76,76,151,162,219,256,271,336,346,349,419,452,480,502,549,567,569,617,638,663,687,717,740,757,764,788,808,828,840,874,887,892,930,961,981,998,1020,1021,1022,1041,1065,1082,1108,1113,1117,1117,1131,1137,1147,1155,1159,1162,1162,1163,1166,1170,1173,1174,1176,1177,1179,1184,1185,1185,1189,1191,1192,1193,1194,1194,1194,1196,1197,1198,1202,1202,1205,1206,1207,1207,1207,1207,1207,1208,1208,1208,1208,1208,1208,1208,1208,1208,1208,1208,1208,1214,1215,1216,1216,1216,1220,1220,1222,1223,1223,1223,1223,1224,1224,1226,1225,1225,1225,1225,1231,1232,1233,1235,1236,1236,1236,1237,1237,1237,1244,1246,1246,1246,1246,1246,1246,1246,1246,1246,1246,1246,1246,1246,1246,1247,1247,1247,1250,1250,1252,1261,1264,1264,1264,1269,1271,1278,1283,1286,1289,1292,1296,1303,1311,1315,1320,1324,1338,1340,1346,1351,1355,1358,1359,1363,1363,1365,1368,1370,1374,1379,1383,1384,1387,1392,1394,1397,1400,1404,1404,1404,1404,1407,1407,1408,1409,1410,1412,1416,1418,1419,1425,1425,1427,1427,1430,1435,1439,1441,1442,1443,1443,1449,1458,1470,1470,1477,1492,1503,1517,1537,1545,1563,1572,1579,1597,1611,1649,1677,1699,1725,1758,1770,1815,1865,1910,1938,1960,1963,1976,2031,2068,2116,2150,2174,2182,2198,2246,2267,2290,2316,2350,2355,2378,2422,2447,2467,2507,2515,2541,2567,2615,2651,2692,2754,2800,2819,2869
07320,Zweibrücken (Kreisfreie Stadt),34193,0,0,0,0,0,0,0,0,0,0,0,0,0,0,0,0,2,3,3,3,4,4,5,9,9,9,11,12,15,21,22,26,26,26,27,27,27,27,34,34,34,34,34,36,37,37,37,37,37,37,37,37,37,37,37,37,37,37,37,37,37,37,37,37,37,37,37,37,37,38,38,38,38,38,38,38,38,38,38,38,38,38,38,38,38,38,38,38,38,38,38,38,38,38,38,38,38,38,38,38,38,38,38,39,39,39,42,42,42,42,43,45,45,46,46,46,46,46,46,46,46,46,46,46,46,46,46,46,46,46,46,46,46,46,46,46,46,46,46,46,46,46,46,46,46,46,46,46,46,46,46,46,46,46,46,46,46,46,46,46,46,46,47,47,47,47,47,47,48,48,48,48,48,49,49,49,49,49,49,49,50,50,50,50,51,51,51,53,53,53,55,55,55,55,55,57,58,58,59,59,59,60,61,61,63,65,65,65,65,65,65,65,66,66,66,66,66,67,68,69,69,69,69,69,75,78,81,81,94,97,97,97,99,105,107,110,111,113,122,129,136,137,138,138,138,142,145,149,150,152,156,156,160,167,170,179,188,188,189,194,198,205,207,211,211,213,216,224,235,242,246,246,248,253,261,265,273,280,282,282
14524,Zwickau (Landkreis),315002,0,0,0,0,0,0,0,0,0,1,4,4,14,23,37,50,110,172,172,175,184,221,244,267,286,286,341,355,379,408,434,491,500,510,514,539,575,587,598,614,621,655,661,670,690,693,697,707,709,717,724,730,738,738,741,745,752,763,764,769,772,773,777,794,798,804,810,810,814,818,825,828,837,840,845,845,845,850,850,853,856,856,857,859,862,866,869,869,871,871,871,871,875,876,876,876,876,876,879,879,879,879,879,879,879,881,882,882,884,884,884,884,884,884,884,884,884,886,886,886,886,886,886,886,886,886,886,886,886,886,886,886,887,887,887,887,887,887,888,888,888,888,888,888,888,888,888,888,889,889,889,889,890,891,891,892,892,892,892,897,898,899,899,901,901,901,902,902,903,903,903,903,903,903,904,905,907,907,908,908,909,909,914,914,914,914,914,914,914,919,926,929,932,932,936,936,942,943,946,946,946,951,953,960,968,973,973,973,987,989,997,1000,1002,1002,1002,1010,1015,1035,1049,1081,1081,1089,1135,1152,1195,1210,1226,1226,1235,1293,1321,1340,1385,1417,1433,1447,1494,1547,1608,1667,1741,1743,1752,1814,1910,2012,2102,2196,2303,2383,2392,2464,2579,2694,2779,2917,2988,3088,3170,3427,3443,3500,3500,3648,4021,4224,4374,4623,4889,4992,5167,5320,5529,5754,6078,6264,6483,6755,7031,7191
"Data can be used for reproduction with attribution to ""Risklayer GmbH (www.risklayer.com) and Center for Disaster Management and Risk Reduction Technology (CEDIM) at Karlsruhe Institute of Technology (KIT) and the Risklayer-CEDIM SARS-CoV-2 Crowdsourcing Contributors"".",,,,,,,,,,,,,,,,,,,,,,,,,,,,,,,,,,,,,,,,,,,,,,,,,,,,,,,,,,,,,,,,,,,,,,,,,,,,,,,,,,,,,,,,,,,,,,,,,,,,,,,,,,,,,,,,,,,,,,,,,,,,,,,,,,,,,,,,,,,,,,,,,,,,,,,,,,,,,,,,,,,,,,,,,,,,,,,,,,,,,,,,,,,,,,,,,,,,,,,,,,,,,,,,,,,,,,,,,,,,,,,,,,,,,,,,,,,,,,,,,,,,,,,,,,,,,,,,,,,,,,,,,,,,,,,,,,,,,,,,,,
Data sources can be found under https://docs.google.com/spreadsheets/d/1wg-s4_Lz2Stil6spQEYFdZaBEp8nWW26gVyfHqvcl8s/edit?usp=sharing,,,,,,,,,,,,,,,,,,,,,,,,,,,,,,,,,,,,,,,,,,,,,,,,,,,,,,,,,,,,,,,,,,,,,,,,,,,,,,,,,,,,,,,,,,,,,,,,,,,,,,,,,,,,,,,,,,,,,,,,,,,,,,,,,,,,,,,,,,,,,,,,,,,,,,,,,,,,,,,,,,,,,,,,,,,,,,,,,,,,,,,,,,,,,,,,,,,,,,,,,,,,,,,,,,,,,,,,,,,,,,,,,,,,,,,,,,,,,,,,,,,,,,,,,,,,,,,,,,,,,,,,,,,,,,,,,,,,,,,,,,
Authors: James Daniell| Johannes Brand| Andreas Schaefer and the Risklayer-CEDIM SARS-CoV-2 Crowdsourcing Contributors through Risklayer GmbH and Center for Disaster Management and Risk Reduction Technology (CEDIM) at the Karlsruhe Institute of Technology (KIT). ,,,,,,,,,,,,,,,,,,,,,,,,,,,,,,,,,,,,,,,,,,,,,,,,,,,,,,,,,,,,,,,,,,,,,,,,,,,,,,,,,,,,,,,,,,,,,,,,,,,,,,,,,,,,,,,,,,,,,,,,,,,,,,,,,,,,,,,,,,,,,,,,,,,,,,,,,,,,,,,,,,,,,,,,,,,,,,,,,,,,,,,,,,,,,,,,,,,,,,,,,,,,,,,,,,,,,,,,,,,,,,,,,,,,,,,,,,,,,,,,,,,,,,,,,,,,,,,,,,,,,,,,,,,,,,,,,,,,,,,,,,
